3.7924,4,2,50,1
3.0209,5,2,50,1
1.9273,5,2,34,2
1.5851,4,2,40,2
1.8881,5,2,41,3
1.6482,1,2,50,1
1.5911,6,2,50,1
1.0608,5,2,84,4
0.88515,4,2,69,3
2.2391,5,2,56,5
0.98323,2,2,50,1
4.925,5,2,82,6
1.2444,3,2,50,1
3.2138,5,2,84,7
1.8039,1,2,9,2
1.2359,3,2,69,2
1.0275,4,2,66,4
1.6718,5,1,90,8
2.0052,2,2,73,2
0.94764,3,2,78,3
1.4954,5,2,86,9
1.0296,6,2,68,2
1.6049,5,1,89,10
1.0649,2,2,77,3
1.3589,2,1,98,4
2.741,5,2,87,11
0.69807,1,2,79,3
0.63468,3,2,72,4
0.91287,3,1,89,5
1.3042,2,1,95,5
0.86724,1,2,84,4
0.97424,5,2,88,12
1.9833,4,2,82,5
1.2783,1,1,88,5
0.79941,2,2,76,6
0.92299,2,2,83,7
1.7134,5,1,89,13
1.3504,2,2,82,8
1.13,6,2,72,3
0.82974,3,1,94,6
0.96319,6,1,91,4
0.81436,3,2,76,7
0.8324,3,2,77,8
0.86497,4,2,73,6
0.83534,2,2,85,9
0.71278,3,1,94,9
0.76288,4,2,77,7
0.98695,3,1,89,10
0.70453,3,2,81,11
0.95246,3,2,82,12
1.0583,1,2,82,6
1.0215,4,1,96,8
1.3981,3,2,84,13
1.5336,2,1,94,10
1.4019,2,1,91,11
1.6084,2,2,84,12
1.1705,4,1,99,9
1.726,6,2,73,5
1.1926,1,2,87,7
0.96981,2,2,86,13
1.2918,4,1,92,10
0.81177,2,1,90,14
1.0502,6,2,87,6
0.8294,2,2,87,15
0.53041,4,2,85,11
0.9897,2,1,91,16
0.75863,4,2,88,12
0.95924,3,2,87,14
0.73068,3,2,86,15
0.89501,4,1,93,13
1.2048,3,1,88,16
0.95506,4,1,90,14
0.96499,2,2,86,17
2.3593,3,2,86,17
0.91363,3,2,87,18
1.0736,4,2,87,15
1.0709,2,1,89,18
0.98298,1,1,97,8
1.4957,1,1,92,9
0.989,4,2,88,16
0.98476,1,1,90,10
0.77474,4,1,90,17
0.48388,2,1,90,19
0.7293,2,2,87,20
0.77458,1,1,89,11
1.2576,6,1,91,7
0.71875,1,2,87,12
0.90768,2,1,89,21
0.58677,6,2,74,8
0.60482,6,2,80,9
0.54384,6,1,90,10
0.69528,6,2,88,11
1.1286,6,1,91,12
0.58972,6,1,90,13
0.66392,6,2,87,14
0.79192,6,1,89,15
2.2055,6,2,88,16
