3.8957,6,1,50,1
4.7489,4,1,50,1
3.5605,4,2,10,2
4.5678,2,1,50,1
3.6358,3,2,50,1
3.6407,3,1,80,2
4.8275,6,1,13,2
3.3373,5,1,50,1
2.243,5,1,93,2
2.178,4,1,96,3
4.0583,1,2,50,1
3.25,1,2,28,2
2.2811,3,1,92,3
2.8097,3,1,87,4
3.4495,5,1,69,3
2.4139,3,1,33,5
8.7023,5,2,13,4
9.7792,4,2,16,4
2.4787,3,1,52,6
3.9606,4,1,24,5
2.218,2,1,97,2
2.1642,5,1,19,5
2.7843,2,1,49,3
1.9533,5,1,48,6
2.9992,2,2,7,4
4.5472,2,1,46,5
2.9005,3,1,50,7
3.1493,4,2,19,6
1.8604,2,2,12,6
3.2191,3,2,18,8
2.4754,1,1,87,3
4.6053,6,1,33,3
6.416,3,1,36,9
1.962,2,1,39,7
2.7579,4,1,35,7
5.2948,2,1,38,8
1.8014,5,2,12,7
2.0988,2,2,28,9
3.3575,5,2,28,8
2.569,1,2,66,4
2.1897,6,2,4,4
1.6196,5,1,60,9
2.628,2,2,37,10
4.3476,2,1,33,11
6.2302,2,2,10,12
4.1928,4,1,19,8
4.6044,4,2,17,9
2.2842,3,2,18,10
1.4681,2,2,34,13
2.1194,3,2,19,11
3.7318,6,1,26,5
1.4631,3,2,20,12
1.7115,2,1,45,14
1.2759,2,1,42,15
3.4834,2,1,37,16
6.2284,2,2,35,17
1.516,1,1,72,5
4.601,4,1,19,10
5.3166,3,1,34,13
4.7749,5,2,17,10
1.5656,2,1,57,18
2.372,5,1,25,11
1.72,5,2,2,12
2.8759,3,1,28,14
7.1539,5,2,15,13
1.9051,3,2,10,15
2.4039,3,1,29,16
1.6341,2,1,42,19
1.6179,2,1,36,20
2.5624,3,1,28,17
1.769,3,2,16,18
5.4636,6,2,13,6
1.7427,3,2,18,19
3.764,5,1,25,14
2.2119,3,1,24,20
4.7603,1,1,52,6
2.3618,1,2,19,7
3.7661,3,2,12,21
2.1212,3,2,21,22
5.9494,3,1,28,23
1.2947,3,1,25,24
4.5696,1,2,68,8
1.6357,5,2,17,15
3.9566,3,2,22,25
1.5408,5,2,18,16
9.6938,3,1,24,26
2.4003,5,2,19,17
1.1681,1,1,94,9
3.4259,6,2,14,7
1.7098,5,1,24,18
4.0326,5,1,20,19
1.6553,6,1,66,8
1.3455,1,1,83,10
0.99297,1,1,73,11
2.5596,5,2,1,20
1.984,6,1,51,9
4.0194,5,2,20,21
2.8409,5,2,21,22
1.2315,1,1,63,12
2.1956,6,1,38,10
1.0826,5,1,84,23
2.0947,6,1,36,11
2.3145,5,1,37,24
2.5094,6,1,23,12
1.8537,5,1,31,25
1.8376,6,2,15,13
5.6696,5,1,27,26
3.879,6,1,27,14
3.9251,1,2,67,13
1.8558,1,1,79,14
1.0142,1,1,73,15
2.9429,5,1,25,27
1.6903,5,1,24,28
4.2094,5,2,22,29
4.0612,6,1,25,15
2.2519,1,1,64,16
3.5259,5,1,62,30
1.2201,1,2,17,17
3.028,6,2,17,16
3.2443,1,1,47,18
2.3667,6,2,15,17
1.7171,1,2,11,19
1.4405,6,1,38,18
4.2788,6,1,20,19
3.9623,6,2,18,20
0.91233,1,1,42,20
4.2732,6,1,35,21
1.2823,1,2,19,21
1.3276,1,2,34,22
5.1039,1,2,44,23
1.6399,6,1,20,22
3.0247,6,2,18,23
1.7435,1,1,61,24
5.35,1,2,44,25
2.4534,1,1,58,26
2.3185,1,1,56,27
3.6288,1,1,52,28
1.3023,1,1,45,29
