57.683,6,2,50,1
2.2681,4,2,50,1
3.3504,4,2,10,2
3.0646,2,2,50,1
1.0691,3,2,50,1
11.583,3,2,80,2
2.0693,6,2,13,2
2.1397,5,2,50,1
14.054,5,2,93,2
3.9999,4,2,96,3
3.018,1,2,50,1
2.9242,1,2,28,2
7.7158,3,1,96,3
2.209,3,1,98,4
2.8155,5,2,87,3
1.6032,3,2,68,5
3.2034,5,2,89,4
1.4409,4,2,59,4
1.8538,3,2,87,6
1.1492,4,2,66,5
1.8518,2,1,97,2
2.2287,5,1,92,5
1.3447,2,2,51,3
2.6915,5,1,96,6
1.5141,2,2,57,4
1.7112,2,1,97,5
1.3085,3,1,97,7
1.2186,4,2,74,6
1.4306,2,2,63,6
1.2311,3,2,86,8
1.8824,1,2,87,3
2.6888,6,2,70,3
1.0162,3,2,92,9
1.1556,2,2,87,7
0.65342,4,2,88,7
0.74485,2,2,90,8
0.99064,5,2,24,7
0.78062,2,2,94,9
0.76821,5,2,56,8
1.2895,1,2,77,4
0.68179,6,2,56,4
0.85941,5,2,78,9
0.76308,2,2,96,10
1.5511,2,1,95,11
1.0175,2,2,26,12
0.8552,4,2,90,8
0.81835,4,2,91,9
0.83976,3,2,87,10
0.77737,2,2,88,13
1.2837,3,2,88,11
0.92563,3,2,96,12
1.5824,6,2,90,5
0.73905,5,2,80,10
1.1543,3,2,94,13
1.8323,4,2,94,10
0.62962,5,2,86,11
1.4764,5,2,88,12
2.087,4,2,95,11
1.0746,2,2,90,14
1.3098,3,1,97,14
0.98588,1,2,87,5
1.0727,3,1,96,15
2.3834,4,1,96,12
2.2814,5,1,93,13
1.736,5,2,91,14
0.75682,6,2,81,6
1.3838,4,1,98,13
1.8372,2,2,95,15
1.2853,6,1,98,7
1.5012,6,2,89,8
1.6271,4,1,97,14
3.0898,1,1,99,6
3.0815,1,2,90,7
4.8488,6,1,94,9
3.6112,6,2,91,10
2.2302,6,2,90,11
1.2715,6,1,96,12
1.2847,1,1,99,8
1.208,6,1,95,13
0.90483,1,1,96,9
1.8678,6,1,93,14
1.938,1,2,93,10
1.4284,1,1,96,11
1.9816,6,1,92,15
2.7566,1,2,93,12
1.1438,1,2,94,13
2.1803,1,2,95,14
3.5387,6,1,91,16
