5.8834,6,2,50,1
3.9955,4,2,50,1
3.0789,4,2,10,2
5.724,2,2,50,1
1.7738,3,2,50,1
3.5947,3,1,80,2
5.0974,6,2,13,2
3.1947,5,2,50,1
3.6909,5,1,93,2
2.6434,4,1,96,3
3.925,1,2,50,1
1.0824,1,2,28,2
1.3268,3,2,92,3
3.9152,3,1,98,4
2.7158,5,1,74,3
2.0504,3,2,68,5
1.8652,5,2,17,4
3.789,4,2,25,4
3.2808,3,1,87,6
7.7497,4,2,37,5
12.304,2,2,97,2
7.5637,5,2,38,5
2.2474,2,2,75,3
2.1298,5,1,91,6
18.669,2,2,79,4
1.338,2,2,99,5
2.3988,3,1,88,7
2.116,4,2,51,6
0.79701,2,2,98,6
3.045,5,2,51,7
2.186,1,2,87,3
1.2321,5,2,66,8
1.7211,4,2,77,7
1.5897,3,2,31,8
1.2484,3,2,40,9
2.1199,4,2,74,8
1.6491,4,2,81,9
1.1848,1,2,53,4
1.3835,5,2,88,9
0.81095,1,2,64,5
0.80637,6,2,70,3
1.5675,5,2,84,10
1.8678,3,2,65,10
0.91798,3,2,71,11
5.4782,5,1,98,11
1.7388,5,1,92,12
3.0787,4,1,94,10
1.7144,3,2,86,12
1.8028,6,2,50,4
2.6812,6,2,97,5
2.013,5,2,89,13
3.8001,1,2,80,6
1.789,6,2,81,6
1.6197,5,1,93,14
2.5694,4,1,85,11
2.4841,4,2,89,12
3.2239,4,2,87,13
1.4276,4,2,89,14
1.6682,6,2,92,7
1.4397,4,1,98,15
2.4823,5,2,88,15
5.6921,5,2,91,16
1.4743,6,1,98,8
6.479,4,1,94,16
3.6346,5,2,95,17
3.02,6,1,99,9
1.5131,6,1,95,10
1.9315,4,1,92,17
2.4127,5,1,93,18
3.139,4,1,90,18
1.7296,5,2,21,19
1.6115,5,2,23,20
5.4157,6,1,96,11
5.7824,6,2,52,12
8.8403,6,2,54,13
6.3198,5,2,58,21
1.717,5,2,62,22
1.1976,5,2,86,23
0.83199,1,2,83,7
1.7499,6,2,87,14
1.3302,5,2,89,24
1.9897,5,2,94,25
2.3139,6,1,92,15
3.8692,1,2,96,8
2.1552,1,2,88,9
2.0455,5,2,93,26
3.5392,6,2,68,16
1.3877,5,2,94,27
2.2627,5,2,95,28
4.6083,1,2,98,10
2.2024,6,2,86,17
2.4044,5,1,99,29
3.0878,6,1,94,18
7.3372,5,2,95,30
4.1702,6,2,89,19
6.116,6,1,90,20
3.902,6,2,14,21
3.0199,6,2,71,22
2.3348,1,2,97,11
10.193,1,1,98,12
5.5037,1,1,99,13
2.9577,6,2,89,23
2.3507,6,2,91,24
1.1157,6,2,96,25
1.1585,6,2,91,26
1.2833,6,2,93,27
2.1438,6,2,94,28
2.1475,6,1,98,29
1.2572,6,2,95,30
