3.7289,5,2,50,1
2.1593,1,2,50,1
2.0736,2,2,50,1
1.8846,1,2,43,2
1.8454,4,2,50,1
2.8362,1,2,77,3
1.4434,4,2,70,2
1.9309,5,2,26,2
2.2486,4,2,83,3
3.3211,4,2,80,4
1.7306,1,2,53,4
3.2387,2,2,18,2
2.8681,3,2,50,1
1.9736,6,2,50,1
1.7992,2,2,54,3
1.9136,4,1,96,5
4.9901,2,2,84,4
2.4283,5,2,79,3
1.8947,4,1,94,6
2.9742,3,2,88,2
1.2724,3,1,96,3
1.963,5,2,67,4
2.3115,3,2,71,4
1.6343,5,2,78,5
3.0818,3,2,72,5
1.6479,5,2,88,6
2.1348,2,2,64,5
2.658,2,1,92,6
2.2742,4,2,80,7
1.9826,4,2,89,8
2.5311,4,1,91,9
1.6089,5,2,84,7
1.75,4,1,93,10
2.3004,4,2,88,11
1.4663,4,1,92,12
2.3685,5,2,88,8
2.6579,4,1,90,13
2.7993,3,2,89,6
2.0785,3,1,99,7
1.6335,4,1,91,14
1.5797,4,1,90,15
2.6181,2,2,67,7
1.7449,1,2,66,5
2.5659,3,1,95,8
1.6862,5,1,91,9
2.9016,2,2,70,8
2.6339,1,2,80,6
1.8426,5,1,99,10
1.5301,5,1,93,11
1.5374,2,2,74,9
1.6819,1,2,89,7
1.408,3,1,94,9
1.6231,5,1,91,12
1.5661,5,2,89,13
1.3583,3,1,93,10
1.1879,5,2,88,14
1.6095,3,1,90,11
3.9993,5,2,89,15
1.8877,3,1,92,12
1.3457,6,2,64,2
2.42,3,2,89,13
2.1011,2,2,89,10
1.7865,2,2,98,11
4.2882,3,1,92,14
2.5501,2,1,91,12
1.5301,3,1,91,15
1.6604,2,2,13,13
2.187,6,2,66,3
1.9816,6,2,89,4
1.3474,6,2,66,5
1.4641,2,2,18,14
2.1459,2,2,58,15
1.4552,6,2,84,6
1.7099,6,1,96,7
1.9263,2,2,85,16
1.323,2,1,96,17
3.2949,1,1,95,8
3.5148,1,1,92,9
2.0368,2,1,91,18
1.6278,2,2,86,19
1.4776,2,2,89,20
1.481,6,1,93,8
1.3388,1,2,87,10
3.3743,1,1,94,11
1.5459,6,2,85,9
3.4825,1,2,93,12
1.7201,1,1,99,13
1.7591,1,1,97,14
1.9667,6,1,94,10
1.7952,6,1,90,11
1.4928,1,1,90,15
1.5915,6,2,87,12
2.3144,6,1,91,13
2.5456,1,2,49,16
2.0682,1,2,60,17
2.1409,1,1,90,18
1.4724,6,2,87,14
1.4826,1,2,69,19
2.1855,1,2,75,20
2.0364,6,2,88,15
1.5639,1,2,76,21
1.8816,1,2,77,22
1.3211,1,2,87,23
2.245,6,1,90,16
2.6195,1,2,89,24
