3.7456,4,1,50
1.6924,4,1,44
3.4645,3,1,50
1.3838,5,1,50
1.203,1,2,50
1.6827,3,1,44
3.092,2,2,50
3.1077,4,2,18
1.8234,3,2,42
1.8075,5,1,35
1.4826,1,2,5
2.2376,4,2,9
1.5242,2,2,56
6.6589,2,1,69
1.7817,2,1,92
2.1953,1,2,91
3.9031,2,1,59
1.5869,3,2,2
1.7625,6,1,50
3.0952,3,2,35
1.7868,5,2,17
3.7011,4,1,27
3.3841,5,2,19
1.962,2,2,55
1.6364,2,2,58
5.3369,5,1,42
2.1869,2,2,57
3.2623,2,1,69
1.6139,4,2,14
2.4293,5,2,36
2.6031,4,1,40
1.6185,1,2,58
2.6865,5,1,99
2.3234,6,1,34
4.8701,2,1,66
2.3445,4,1,39
2.7433,3,1,49
2.2476,4,2,19
2.6717,5,2,27
2.6741,2,1,61
3.4193,3,2,42
2.4688,4,1,36
2.0479,1,2,78
4.368,2,2,59
5.3471,4,2,24
5.5019,5,1,51
1.7681,1,2,93
5.0354,4,2,26
1.4479,4,2,30
1.9718,2,1,60
1.7323,4,1,79
2.3642,3,1,48
3.2074,5,1,34
1.4836,4,1,69
3.3577,4,1,64
1.5516,5,2,8
9.1737,1,1,95
2.8489,3,1,43
1.5623,1,2,92
3.1834,4,1,52
3.3654,4,1,28
0.9376,4,1,15
2.5025,1,1,97
1.8782,5,1,36
1.8525,5,1,30
2.0739,4,2,18
1.729,1,2,94
3.904,5,2,18
2.5251,4,2,16
2.0651,6,1,43
1.6988,6,1,29
7.6301,6,2,19
3.7661,4,2,33
3.6843,6,1,21
10.339,4,1,35
1.9191,4,2,31
1.2823,6,2,2
6.013,1,1,95
2.9974,5,2,19
3.6029,4,1,32
1.5514,4,2,3
2.087,5,1,27
1.6226,4,2,15
4.4386,4,2,19
1.3567,4,1,29
2.3037,5,2,11
1.3938,4,2,2
6.0086,5,2,24
1.8264,5,2,27
5.3158,5,1,30
1.5083,5,1,27
1.7516,6,1,26
2.0015,4,2,19
1.4477,4,2,22
1.8289,4,1,32
1.9114,4,1,27
1.2713,4,2,3
2.3823,4,1,27
1.4678,6,2,23
1.3324,6,1,40
1.5776,6,2,26
1.5525,4,2,10
1.6132,6,1,97
6.077,4,2,24
2.0118,4,2,26
1.9273,6,1,33
1.2627,6,1,32
3.0802,6,1,25
1.0966,6,2,17
1.6068,6,2,22
1.6355,6,2,24
