5.4183,5,2,50,1
6.3487,5,2,45,2
2.2202,2,2,50,1
4.5984,5,1,50,3
6.6667,4,2,50,1
2.529,4,2,42,2
1.5514,1,2,50,1
7.0938,2,2,39,2
1.3504,3,2,50,1
1.452,6,1,50,1
1.3727,2,2,62,3
2.1228,6,2,5,2
1.528,3,2,34,2
2.0747,4,1,59,3
1.4929,2,1,71,4
2.3148,2,1,56,5
1.2526,5,2,48,4
1.7842,3,1,80,3
3.1372,2,2,2,6
1.5666,3,2,64,4
2.4591,3,2,60,5
2.2546,2,2,61,7
2.4043,2,1,73,8
5.5894,2,1,61,9
1.2574,5,1,83,5
1.2967,2,1,60,10
2.1724,5,1,60,6
0.92176,1,1,98,2
8.5433,2,2,55,11
0.91198,1,2,43,3
1.1748,4,1,82,4
1.6756,1,1,77,4
2.8114,4,1,70,5
1.4223,5,2,51,7
6.4107,4,1,60,6
0.95691,4,2,48,7
1.2515,1,2,47,5
2.4369,2,2,56,12
4.0118,3,1,65,6
6.6885,6,2,42,3
1.8122,2,2,58,13
1.7315,4,2,57,8
1.2088,2,2,60,14
1.067,5,1,86,8
2.0897,4,1,51,9
1.4491,6,1,66,4
0.95804,3,1,78,7
1.233,3,1,68,8
2.8234,1,2,61,6
2.3322,3,1,66,9
1.0465,4,2,36,10
1.5167,6,2,5,5
5.4872,1,2,58,7
1.6948,4,2,40,11
0.99472,4,2,48,12
0.75637,6,2,21,6
1.5514,4,2,55,13
1.6482,4,1,73,14
0.93318,4,1,68,15
0.87849,5,2,62,9
4.7104,4,1,58,16
1.3035,3,1,61,10
1.6106,4,2,55,17
1.5679,4,1,56,18
4.4687,5,1,64,10
1.4176,1,2,81,8
1.4025,3,2,8,11
1.8085,5,1,58,11
1.1339,1,1,77,9
1.2117,5,1,60,12
1.5665,5,2,29,13
0.8539,1,2,43,10
1.6877,3,2,52,12
0.87343,5,2,45,14
1.7885,5,2,51,15
1.3713,3,2,61,13
1.5402,5,2,55,16
1.5284,3,1,63,14
2.8572,5,1,57,17
0.94825,5,2,44,18
2.5572,5,1,57,19
1.8338,5,1,54,20
1.3979,5,1,56,21
1.2885,5,2,33,22
1.351,1,1,72,11
1.4624,1,2,9,12
1.6015,6,1,30,7
1.9329,5,1,52,23
2.4073,1,2,67,13
2.9091,6,2,35,8
3.8767,5,2,47,24
1.893,6,1,67,9
3.8235,5,2,49,25
0.95263,1,1,76,14
1.3715,5,2,52,26
1.2563,6,1,51,10
1.8191,6,1,46,11
0.83724,1,1,73,15
1.2219,1,1,71,16
2.3565,1,2,35,17
0.83679,6,2,39,12
2.2531,1,2,59,18
1.0672,1,2,71,19
1.8205,6,1,40,13
1.744,6,2,39,14
