2.1954,4,1,50,1
1.3656,6,1,50,1
1.1307,6,1,77,2
1.7695,2,2,50,1
1.4152,5,1,50,1
1.1876,4,1,73,2
2.7624,3,1,50,1
0.938,2,1,86,2
1.2416,2,2,12,3
1.577,4,2,2,3
2.6854,4,2,21,4
1.4265,3,2,5,2
1.5906,5,2,21,2
1.1974,2,2,29,4
1.0078,3,2,12,3
1.3513,1,1,50,1
1.9011,2,1,69,5
1.5548,1,2,11,2
1.2545,5,1,87,3
3.2646,6,1,45,3
1.357,5,2,6,4
1.9218,3,2,25,4
3.6298,6,2,49,4
1.3977,3,2,24,5
1.4401,1,1,93,3
1.5623,5,2,48,5
1.4923,1,1,78,4
1.2648,3,1,59,6
1.3355,6,2,30,5
2.1056,6,1,68,6
1.6153,3,1,55,7
1.2521,2,1,64,6
1.3549,1,2,14,5
1.4009,2,2,36,7
1.2633,4,2,37,5
1.3919,2,2,43,8
1.7074,4,2,45,6
2.4196,2,1,62,9
2.1359,5,2,44,6
1.2625,1,2,46,6
2.0457,5,2,47,7
1.6064,3,2,48,8
1.4041,6,2,41,7
1.3666,1,2,42,7
1.7856,4,2,44,7
2.559,1,2,53,8
1.9122,6,1,50,8
1.4987,5,1,55,8
0.86696,5,1,50,9
2.1515,4,1,66,8
2.4028,5,2,47,10
1.9563,2,2,46,10
1.1906,3,2,39,9
2.426,3,2,40,10
1.7792,2,1,58,11
2.1,3,2,49,11
1.4537,5,2,49,11
3.0232,1,2,50,9
2.4926,6,2,46,9
1.8857,2,2,48,12
1.8934,3,1,54,12
1.5645,4,1,57,9
1.7465,6,2,49,10
2.4504,1,2,54,10
5.7103,4,1,54,10
1.4394,3,1,52,13
2.5634,2,2,50,13
3.3892,2,1,55,14
2.1785,2,1,54,15
2.1477,4,1,50,11
2.5771,2,2,51,16
2.5937,4,2,45,12
2.4507,4,1,50,13
4.2204,4,1,49,14
4.7551,2,1,54,17
3.1352,3,2,49,14
4.5307,2,2,51,18
2.1248,3,1,51,15
1.9785,1,1,70,11
2.8426,4,2,46,15
1.298,4,2,45,16
2.2484,2,2,53,19
1.4196,1,2,58,12
2.7808,2,2,51,20
3.5617,2,2,52,21
2.7212,4,2,49,17
1.3496,1,2,61,13
1.449,4,2,47,18
1.5118,4,2,48,19
1.6877,1,1,96,14
1.4132,1,1,84,15
1.2951,1,2,66,16
1.4206,1,1,93,17
3.2824,1,2,87,18
1.2958,1,1,97,19
1.078,1,1,90,20
1.641,1,1,87,21
4.4092,1,1,75,22
0.99366,1,2,56,23
1.6307,1,1,78,24
2.2301,1,2,76,25
1.3872,1,1,88,26
1.9893,1,1,87,27
2.2443,1,1,76,28
