4.8972,4,1,50,1
2.9162,2,1,50,1
4.5947,3,1,50,1
3.3211,4,1,15,2
1.9062,3,1,69,2
1.561,3,1,21,3
8.3315,5,1,50,1
1.521,2,1,76,2
1.5106,3,1,18,4
6.6815,6,1,50,1
1.1514,5,1,42,2
1.6359,5,1,38,3
2.5612,3,1,14,5
7.4676,5,1,4,4
1.1856,4,1,42,3
1.2358,5,1,7,5
1.0906,4,1,38,4
1.4016,5,1,1,6
1.0114,4,1,26,5
2.651,3,1,4,6
1.7458,2,1,2,3
2.5112,4,1,8,6
1.1962,6,1,46,2
3.7413,3,1,6,7
8.794,2,2,1,4
1.7991,4,1,14,7
3.4413,3,1,2,8
1.6917,5,1,3,7
1.1106,4,1,10,8
0.95574,3,1,3,9
3.2114,6,1,40,3
1.8356,4,1,6,9
4.4665,1,2,50,1
1.681,5,1,2,8
1.5808,4,1,3,10
3.1359,2,1,3,5
3.0112,1,1,42,2
1.3907,1,1,64,3
2.101,4,1,1,11
1.8764,6,1,10,4
0.97096,3,1,2,10
1.3962,4,1,2,12
1.9056,2,1,1,6
1.3508,6,1,32,5
4.2266,1,1,46,4
1.3858,1,1,37,5
18.709,1,2,39,6
1.1262,6,1,1,6
1.8313,6,1,4,7
2.4015,1,2,44,7
0.90083,6,1,3,8
4.5467,1,1,83,8
4.4607,1,1,76,9
1.0159,6,1,1,9
2.2913,1,2,53,10
3.706,1,1,71,11
1.4611,1,2,45,12
2.3962,1,2,58,13
3.1161,1,1,70,14
1.7157,1,2,59,15
1.8562,1,1,99,16
2.2957,1,2,61,17
1.7861,1,1,97,18
2.3913,1,2,72,19
2.7108,1,2,73,20
1.4707,1,1,98,21
1.218,1,1,87,22
2.326,1,2,79,23
1.4808,1,1,84,24
1.021,1,1,80,25
1.3056,1,2,74,26
1.6062,1,2,77,27
1.4613,1,1,80,28
1.6805,1,2,78,29
