8.364,6,2,50,1
28.659,4,2,50,1
4.9402,4,2,10,2
2.4736,2,2,50,1
1.3393,3,2,50,1
1.8877,3,2,80,2
3.2452,6,2,13,2
2.4403,5,2,50,1
4.2221,5,2,93,2
3.2459,4,1,96,3
2.0807,1,2,50,1
1.053,1,2,28,2
1.8424,3,1,96,3
2.4582,3,2,98,4
2.6123,5,2,87,3
2.0963,3,2,88,5
2.0869,5,2,89,4
1.3152,4,2,25,4
1.9943,3,1,96,6
0.87795,4,2,37,5
1.9539,2,1,97,2
3.5513,5,1,92,5
1.531,2,2,51,3
8.7726,5,1,96,6
1.0643,2,2,57,4
1.9185,2,1,97,5
1.6687,3,1,94,7
1.0673,4,2,51,6
0.98297,2,2,63,6
10.462,3,2,34,8
1.1921,1,2,87,3
0.73881,6,2,70,3
0.78734,3,2,69,9
1.031,5,2,24,7
0.98205,2,2,87,7
2.5582,4,2,77,7
0.87511,3,2,78,10
0.85904,6,2,56,4
1.0055,4,2,85,8
0.98292,2,2,83,8
0.8717,5,2,46,8
0.92124,1,2,77,4
6.8963,5,2,87,9
1.5309,2,1,96,9
0.94843,2,2,87,10
0.54895,4,2,79,9
0.76566,4,2,82,10
0.93388,3,2,80,11
0.99184,2,2,96,11
0.75404,3,2,81,12
1.6153,6,2,63,5
0.83071,3,2,82,13
0.83446,2,2,89,12
1.5953,2,2,95,13
0.93031,1,2,86,5
0.89333,6,2,81,6
2.0364,3,1,95,14
0.88881,1,2,88,6
0.78062,5,2,91,10
0.71406,4,2,88,11
0.79313,4,2,89,12
1.1057,4,2,90,13
3.3112,6,2,87,7
2.1008,3,2,93,15
0.95329,4,1,98,14
1.2007,5,2,94,11
1.1533,5,1,97,12
1.4145,6,1,96,8
1.3008,4,2,94,15
1.1167,5,2,95,13
1.0855,6,1,98,9
0.82529,6,2,88,10
0.81878,4,2,95,16
1.4047,4,2,96,17
2.0163,5,1,97,14
1.303,5,2,94,15
1.2287,6,1,98,11
1.21,4,2,95,18
6.7028,6,2,93,12
0.93636,6,2,88,13
1.4865,4,1,97,19
1.7502,5,2,95,16
1.5733,6,2,96,14
0.86529,1,2,89,7
3.3828,6,1,97,15
1.4413,1,2,97,8
1.2502,6,2,95,16
0.84683,1,2,94,9
1.562,1,1,98,10
2.4611,1,1,97,11
1.2419,1,1,95,12
1.0065,1,2,39,13
2.0463,1,1,96,14
1.0435,1,2,81,15
1.5809,1,2,89,16
7.8417,1,2,92,17
1.0715,1,2,94,18
