10.124,6,1,50
3.7667,4,1,50
4.3258,4,2,10
2.978,2,2,50
3.1127,3,1,50
3.0911,3,1,80
8.7991,6,2,13
5.0235,5,1,50
3.9324,5,1,93
9.4727,4,1,96
3.009,1,2,50
1.7992,1,2,28
4.9945,3,1,73
5.6739,3,1,69
2.7498,5,1,69
4.8603,3,2,26
2.2628,5,2,13
1.886,4,2,16
2.4861,3,1,45
5.7971,4,2,24
2.6993,2,2,97
4.1728,5,2,19
2.002,2,1,75
9.1245,5,1,67
3.2068,2,2,15
3.4373,2,1,94
5.1292,3,1,48
2.8297,4,1,34
2.477,2,2,35
2.7488,3,2,17
6.789,1,2,87
3.6623,6,1,66
5.2012,3,1,35
5.399,2,1,80
4.0538,4,2,35
1.3985,2,2,71
5.4636,5,2,27
3.6507,2,2,77
2.1683,5,1,41
1.9174,1,2,77
2.7572,6,2,9
3.5092,5,2,36
3.476,2,1,98
3.6871,6,1,53
3.2066,2,1,93
2.6811,4,1,37
3.2971,5,2,29
4.6762,4,1,31
3.652,2,2,77
1.8117,2,2,79
2.6794,6,2,17
2.3064,3,2,17
3.0267,3,2,26
7.0804,3,2,28
2.2449,1,2,87
7.3759,6,1,51
3.0451,2,1,87
2.234,1,1,89
1.7267,4,1,14
3.0504,3,2,31
4.4595,5,1,42
3.4504,2,1,81
3.5054,5,2,31
1.3105,5,2,32
1.9096,3,2,37
1.6854,4,2,23
4.9413,4,1,84
1.9505,4,1,41
3.2029,5,2,37
3.0651,4,2,23
4.456,3,2,52
3.4694,2,1,78
4.4681,3,1,90
4.3572,3,1,53
4.1857,6,1,35
3.645,2,2,13
1.6447,2,2,40
2.7495,2,2,64
1.8153,3,1,40
6.481,1,1,88
2.8226,5,2,39
1.508,5,2,37
1.4903,2,2,66
1.571,4,2,27
3.2453,3,2,22
2.8425,3,2,41
2.7211,5,2,39
3.3448,2,1,72
1.185,2,2,26
2.1062,4,2,63
2.983,6,1,29
2.2936,4,1,84
5.6706,5,2,42
3.2114,6,1,33
1.2088,5,1,70
1.8617,2,2,64
1.8325,3,2,62
3.9486,5,1,64
1.9595,4,2,38
3.7804,4,2,40
1.8842,5,1,52
1.9309,4,1,44
2.1925,4,2,33
6.1034,3,1,51
3.5674,2,2,67
1.8371,5,1,48
1.8026,4,1,57
5.447,4,1,43
3.9052,6,1,25
1.5643,3,2,5
2.0589,3,2,16
2.0939,5,1,40
3.7166,4,2,13
3.8387,6,2,16
4.7065,4,2,42
3.5248,2,2,71
1.8519,2,1,72
2.2013,5,2,11
3.0802,3,1,60
4.3367,5,2,32
2.2469,3,2,36
5.0028,3,2,48
2.2962,5,2,38
1.854,3,1,55
4.7396,6,1,20
2.5824,3,1,52
3.7725,3,1,49
1.817,3,2,5
1.6326,3,2,37
1.9124,3,2,44
2.3852,6,2,24
3.364,5,2,42
3.3188,3,1,50
1.5128,5,1,65
2.3143,6,1,61
1.1847,5,1,53
2.984,3,1,47
3.1545,3,1,45
5.9828,5,1,44
1.5087,3,2,20
1.788,5,2,41
1.353,3,2,21
2.2547,5,1,42
0.86528,6,2,28
1.3111,3,1,37
1.2744,6,1,44
2.0997,3,1,29
1.3266,3,2,17
1.4005,3,2,30
1.5818,3,2,37
2.4995,6,2,28
3.1268,3,2,75
1.4564,6,1,31
3.7034,3,2,65
2.6689,3,2,79
1.1818,3,1,90
0.87,3,1,85
1.2975,3,1,82
1.216,3,1,75
1.2071,3,2,21
0.85567,3,1,72
1.3364,3,2,61
1.2266,6,2,29
2.2599,3,1,64
1.1753,6,1,52
1.5547,3,1,60
2.7998,3,1,48
2.8673,3,2,32
1.6781,6,1,40
2.9012,6,2,36
1.5669,6,2,29
1.6195,3,2,37
2.7633,6,1,66
0.82256,6,1,57
1.919,3,1,58
1.5018,3,1,55
1.7747,3,2,38
1.8297,3,1,47
0.84957,3,2,41
1.1049,6,1,45
0.9284,6,2,41
0.78956,3,1,42
2.002,6,1,99
1.2734,3,2,6
1.0946,3,2,25
1.5299,3,2,35
1.1226,6,1,55
1.6838,6,1,46
1.9264,3,2,46
0.9347,3,1,86
2.6304,3,2,44
1.3952,6,2,39
1.1406,6,2,44
1.0575,3,1,51
1.2129,3,2,44
3.1248,6,2,47
1.4647,6,2,63
1.0219,3,2,47
1.3447,3,1,62
0.80949,3,2,47
1.0439,3,1,56
0.61031,6,1,75
1.9015,3,1,55
0.74391,6,1,66
0.98294,3,1,52
2.0918,3,2,49
1.6246,3,2,58
2.2615,3,1,77
3.5816,3,2,53
1.2089,6,1,63
1.3298,3,1,56
1.3652,6,1,54
0.66338,3,2,38
1.5046,3,2,53
0.96164,3,1,55
0.88282,3,2,43
0.96707,3,1,52
1.3457,6,1,12
1.3554,3,2,17
1.5982,6,2,38
1.7757,3,2,23
1.2926,3,2,25
1.5055,3,2,54
0.77865,3,2,60
0.77137,3,2,86
0.96501,3,2,72
1.3627,3,1,82
1.7359,3,2,37
0.94376,6,2,27
1.4309,3,1,69
1.2156,6,2,60
1.0055,3,2,17
1.7398,3,1,53
1.0808,6,1,72
1.5289,6,2,60
1.1275,3,2,12
1.0023,3,2,27
1.3401,3,2,43
0.93529,6,1,70
1.984,3,2,64
0.85424,3,1,84
1.8824,3,1,57
1.0255,3,2,12
1.2995,6,2,64
2.1643,3,1,56
0.82152,3,2,5
2.0775,6,2,71
1.9792,3,2,39
1.8864,3,1,50
2.5585,6,1,93
0.93508,6,2,65
2.5777,6,1,67
3.173,6,2,25
1.7212,6,1,68
1.6313,3,2,13
5.0191,6,1,58
1.1097,3,2,39
1.4576,3,1,54
1.2306,3,2,42
2.5791,6,1,24
5.1471,3,2,51
2.5766,3,1,85
1.3402,6,2,45
1.4709,3,1,72
2.1242,3,2,54
2.7265,6,2,32
2.4302,3,1,60
1.4006,3,2,51
1.8464,3,2,60
1.2008,3,1,95
1.0244,3,1,92
0.8088,3,1,90
0.75445,3,1,81
1.0015,3,1,69
1.0355,3,1,63
0.71088,6,1,75
0.93315,6,2,46
1.1724,3,1,58
1.5813,3,2,27
1.4793,3,1,54
3.03,3,1,51
2.9496,6,1,47
0.92853,3,1,52
2.3102,3,2,32
1.8597,3,2,34
2.2873,3,2,37
3.0693,3,2,38
0.96035,3,2,39
1.6021,3,1,45
0.8371,3,2,7
0.85858,3,2,42
1.3234,3,1,50
2.3496,3,2,47
1.9025,3,1,97
1.821,3,2,76
2.7847,3,1,82
1.3556,3,1,73
0.85574,3,2,35
2.3932,3,2,43
1.9513,3,1,52
1.2088,3,2,36
1.9754,3,2,53
0.94195,3,2,73
0.88123,3,1,65
2.1294,3,2,40
2.2799,3,1,53
1.2545,3,1,54
1.3591,3,2,16
1.8741,3,2,32
1.0013,3,2,50
0.80664,3,2,52
