2.9961,5,1,50,1
2.5609,2,2,50,1
2.3303,1,2,50,1
2.645,2,1,40,2
3.5364,4,1,50,1
2.7396,4,2,3,2
3.4021,3,2,50,1
2.427,4,1,85,3
11.946,2,2,33,3
1.5901,5,1,79,2
1.7508,3,2,5,2
1.6002,2,1,99,4
1.5533,1,1,94,2
2.5424,2,2,45,5
2.7776,4,2,28,4
2.9138,2,1,53,6
1.6202,4,2,41,5
2.6262,2,2,50,7
3.6224,5,2,23,3
3.1076,1,2,52,3
1.6887,5,2,6,4
1.0134,3,1,78,3
6.8432,6,1,50,1
1.5604,1,2,72,4
1.5641,4,2,38,6
2.9385,1,2,66,5
5.054,6,2,33,2
1.7016,5,2,20,5
1.9847,5,2,40,6
2.317,4,1,74,7
1.862,5,2,24,7
2.2197,2,2,52,8
1.2455,3,2,48,4
1.0722,3,2,51,5
4.1258,2,1,85,9
2.7528,3,1,80,6
2.6094,5,2,63,8
2.2514,1,2,69,6
2.485,4,2,60,8
2.3558,2,2,54,10
1.3385,3,1,77,7
2.1145,4,2,49,9
1.6864,5,2,43,9
6.2853,1,2,94,7
5.3384,4,2,87,10
2.7118,3,2,68,8
1.7575,5,1,98,10
6.9513,4,2,84,11
1.768,3,2,57,9
1.3572,2,2,58,11
3.0784,4,2,88,12
1.9867,2,2,68,12
1.5331,4,1,92,13
1.4297,5,2,54,11
2.1814,2,1,91,13
1.8848,2,2,89,14
2.494,5,1,73,12
1.4882,1,1,82,8
3.5807,3,2,60,10
2.0688,3,1,71,11
1.7517,2,1,94,15
2.4731,1,2,63,9
2.074,5,2,62,13
2.6334,4,1,89,14
2.0065,2,1,71,16
2.8969,2,2,9,17
4.8383,3,2,73,12
2.5284,5,2,68,14
2.2923,2,2,25,18
5.2585,6,2,53,3
4.2683,3,1,75,13
2.9208,6,1,80,4
1.7319,3,2,69,14
1.3164,6,2,41,5
1.5235,2,2,39,19
1.5234,5,1,89,15
1.3031,2,2,58,20
1.7459,3,1,73,15
1.3204,3,1,70,16
1.8129,5,1,86,16
1.4701,2,1,74,21
1.7543,3,2,26,17
1.7075,6,1,57,6
1.7711,5,1,73,17
1.9784,5,1,71,18
1.3497,3,2,57,18
1.1674,5,2,64,19
1.5289,5,2,65,20
1.3332,2,2,58,22
2.7247,1,2,76,10
2.3478,2,2,73,23
2.302,3,2,60,19
3.0981,2,2,86,24
2.0016,6,2,48,7
2.7521,5,2,68,21
2.1295,2,2,74,25
2.5729,1,2,91,11
3.0488,5,2,70,22
2.2976,3,1,65,20
3.1665,5,1,89,23
4.4221,6,2,49,8
1.5773,5,2,85,24
6.2001,6,1,53,9
4.7778,3,2,57,21
1.9796,3,2,59,22
3.0409,3,2,61,23
5.5508,2,1,94,26
2.8686,6,1,50,10
2.7888,1,2,96,12
3.546,1,1,97,13
3.4581,3,2,69,24
3.0359,6,2,12,11
2.3852,5,1,89,25
1.9682,2,1,93,27
4.9491,2,2,79,28
1.6573,1,1,95,14
3.5947,5,2,77,26
1.1482,6,2,45,12
0.89979,5,2,89,27
1.8751,2,1,90,29
1.5137,1,2,51,15
1.9,6,2,50,13
1.3242,6,2,51,14
2.0693,6,1,97,15
1.4738,2,1,81,30
1.8201,3,1,87,25
1.6445,1,2,56,16
6.6274,3,1,78,26
0.092251,3,1,70,27
2.9985,3,2,67,28
1.4253,1,2,85,17
1.5743,5,1,98,28
2.2562,5,1,86,29
2.9941,3,1,69,29
1.508,5,2,65,30
1.3059,6,1,86,16
1.5266,1,1,94,18
2.38,1,2,47,19
1.4617,6,2,54,17
2.4069,1,2,49,20
2.8103,6,1,82,18
3.539,6,1,76,19
2.8615,6,1,74,20
1.2528,6,2,54,21
3.7401,6,2,65,22
1.5948,6,2,69,23
1.2869,1,2,72,21
1.5433,6,2,66,24
1.2893,1,2,80,22
1.4044,1,2,81,23
2.4394,1,1,94,24
3.0966,1,2,85,25
2.9816,1,2,88,26
2.9857,6,2,67,25
2.26,1,1,94,27
1.7929,6,1,91,26
1.9342,6,1,74,27
2.0411,1,2,91,28
5.1479,6,1,71,28
1.8833,6,1,70,29
2.2072,1,1,92,29
1.7583,6,2,69,30
1.4529,1,2,38,30
