2.8606,6,2,50,1
2.5687,4,2,50,1
3.2804,4,2,10,2
3.321,2,2,50,1
2.4008,3,2,50,1
1.6668,3,1,80,2
2.3403,6,2,13,2
2.109,5,2,50,1
2.616,5,1,93,2
2.1652,4,1,96,3
2.6811,1,2,50,1
2.1458,1,2,28,2
4.7605,3,1,92,3
1.2744,3,1,87,4
1.3283,5,1,74,3
1.5792,3,2,33,5
3.1211,5,2,17,4
5.0693,4,2,25,4
3.7492,3,2,68,6
2.0739,4,2,37,5
2.2303,2,1,97,2
1.3218,5,2,38,5
6.701,2,2,51,3
2.1003,5,1,91,6
1.504,2,2,57,4
3.088,2,1,97,5
4.4906,3,1,86,7
1.3149,4,2,51,6
4.2387,2,2,63,6
4.7599,3,2,63,8
1.6914,1,1,87,3
21.996,6,1,70,3
1.4655,3,1,76,9
0.98528,2,1,87,7
0.87063,4,1,77,7
9.509,2,1,89,8
1.2476,5,2,51,7
0.67709,2,2,78,9
0.73962,5,2,68,8
1.1815,1,2,66,4
0.53818,6,2,24,4
0.88308,5,2,73,9
1.438,2,1,87,10
0.71785,6,1,83,5
0.84962,2,1,82,11
2.9313,4,2,58,8
1.0748,5,2,70,10
1.0096,4,1,76,9
0.88522,2,2,66,12
1.0721,2,1,69,13
4.6957,6,2,35,6
1.0138,3,2,63,10
2.9975,3,2,69,11
1.1281,2,2,34,14
1.1684,2,2,53,15
1.1323,4,2,61,10
0.92344,3,1,77,12
0.78308,1,1,72,5
0.87819,5,1,83,11
1.1323,4,2,59,11
0.78245,2,2,80,16
0.96222,3,2,75,13
0.9926,1,2,56,6
1.2534,3,2,74,14
0.77903,3,2,75,15
0.62262,4,2,64,12
0.78233,4,2,74,13
0.58603,4,2,69,14
0.60663,5,2,78,12
0.54716,4,2,72,15
0.58508,2,2,90,17
0.57263,2,2,97,18
1.3107,6,2,80,7
1.2198,6,2,72,8
1.2687,2,1,92,19
0.89918,4,2,73,16
1.4487,5,1,88,13
0.79305,2,2,25,20
1.2552,4,2,74,17
0.6981,1,2,85,7
1.8268,4,1,75,18
1.399,6,1,99,9
1.4681,2,2,48,21
0.66931,6,2,87,10
1.8992,6,2,81,11
0.84972,2,2,72,22
1.9705,2,2,80,23
0.73271,5,2,76,14
0.66852,5,2,85,15
0.70876,1,2,98,8
1.4451,6,2,96,12
0.86997,5,1,93,16
0.80457,2,1,92,24
1.0545,1,1,96,9
0.7234,6,1,95,13
0.77755,1,2,48,10
1.6553,1,1,82,11
4.2301,5,1,90,17
2.0358,2,2,83,25
0.75999,6,2,68,14
0.88322,5,2,88,18
0.7781,2,1,89,26
1.7877,5,1,86,19
1.3651,2,2,36,27
1.2384,6,1,86,15
0.6825,2,2,60,28
1.2782,6,2,16,16
0.82253,5,2,5,20
1.3428,6,1,89,17
0.67588,5,2,27,21
0.45116,2,2,76,29
0.7632,2,2,78,30
5.8168,5,2,68,22
1.3198,6,2,46,18
1.3477,5,1,81,23
2.5866,6,2,53,19
0.88167,1,2,50,12
4.4515,1,2,70,13
1.5871,1,2,86,14
1.1786,5,1,85,24
7.4568,5,2,61,25
0.83245,5,2,71,26
0.84526,6,2,85,20
0.90102,1,1,83,15
0.95822,5,2,78,27
0.69778,1,2,22,16
0.91325,6,2,86,21
0.40965,5,2,80,28
0.48252,1,2,61,17
0.59391,5,2,82,29
0.45875,5,2,86,30
0.63323,1,2,65,18
1.6206,6,2,87,22
0.68069,6,2,89,23
0.78812,6,1,95,24
0.94904,1,1,77,19
1.2182,6,1,89,25
1.6874,1,2,34,20
1.0079,1,2,60,21
1.7612,1,2,77,22
0.44731,1,2,79,23
0.53857,1,2,80,24
0.63499,1,2,97,25
0.93715,1,1,92,26
1.1481,1,2,61,27
1.3546,1,2,65,28
1.3544,1,2,85,29
1.0133,1,1,91,30
