5.2647,6,1,50,1
5.4448,4,2,50,1
3.4122,4,2,10,2
3.846,2,2,50,1
4.343,3,2,50,1
3.8769,3,1,80,2
3.745,6,2,13,2
6.3309,5,2,50,1
2.7286,5,1,93,2
1.6074,4,1,96,3
2.5022,1,2,50,1
1.3919,1,2,28,2
3.3022,3,1,92,3
1.5474,3,1,87,4
3.077,5,1,74,3
1.27,3,2,33,5
1.6647,5,2,17,4
1.7535,4,2,25,4
1.6787,3,2,68,6
1.6896,4,2,37,5
1.8805,2,1,97,2
1.7625,5,2,38,5
1.296,2,2,51,3
1.4489,5,1,91,6
2.0515,2,2,57,4
1.6413,2,1,97,5
3.1576,3,1,86,7
2.0989,4,2,51,6
2.5177,2,2,63,6
2.3994,3,2,63,8
1.8664,1,1,87,3
4.5291,6,1,66,3
6.8349,3,2,76,9
4.749,2,1,87,7
2.0001,4,2,77,7
1.8275,2,2,89,8
2.9288,5,2,51,7
2.0083,2,2,87,9
4.1171,5,1,68,8
2.1946,1,2,66,4
1.9843,6,2,9,4
3.1029,5,2,63,9
1.2288,2,1,99,10
3.3654,6,2,53,5
1.0718,2,1,97,11
2.427,4,2,59,8
2.1533,5,2,53,10
1.3732,4,1,82,9
4.7072,2,2,88,12
2.6647,2,1,89,13
2.8447,1,2,72,5
1.791,3,2,68,10
1.1274,6,2,29,6
1.5366,5,2,66,11
2.5563,3,2,77,11
1.5299,4,2,74,10
2.4745,3,1,85,12
1.3274,1,1,97,6
2.3176,5,2,67,12
2.8455,4,2,75,11
3.4037,4,2,81,12
3.2631,4,2,80,13
1.8094,6,2,55,7
2.876,3,1,83,13
1.2853,4,1,92,14
2.1808,5,2,71,13
5.5114,5,1,88,14
2.5945,6,1,89,8
1.8398,4,1,86,15
5.7261,3,1,79,14
1.883,5,1,78,15
2.2918,3,2,78,15
1.744,6,1,85,9
3.2607,3,2,80,16
4.4648,4,1,84,16
1.2758,3,1,91,17
2.0321,1,2,71,7
1.9224,1,2,78,8
1.4511,3,1,84,18
4.1091,3,1,81,19
2.2167,3,2,80,20
2.0438,4,1,83,17
1.9895,6,1,84,10
3.4197,6,2,54,11
4.2693,4,1,81,18
1.7386,5,2,69,16
4.073,5,2,70,17
4.2269,5,2,76,18
1.2558,1,1,95,9
4.1386,6,1,78,12
3.7899,5,2,81,19
1.1045,5,1,95,20
5.3491,6,1,69,13
1.4908,1,1,89,10
1.5412,1,2,84,11
2.6548,5,1,77,21
2.4852,6,2,65,14
1.919,5,2,59,22
1.4367,5,2,61,23
1.8004,1,2,79,12
2.1996,6,1,84,15
3.3269,5,1,77,24
2.7479,6,1,82,16
3.7324,5,2,65,25
5.0015,6,1,66,17
2.8397,5,1,73,26
1.9162,6,2,57,18
1.1865,5,2,52,27
2.2544,6,2,58,19
1.4666,1,2,89,13
1.4437,1,2,91,14
0.94477,1,2,96,15
1.526,5,1,77,28
3.0796,5,2,70,29
3.1073,5,2,73,30
1.7691,6,2,65,20
1.7288,1,2,92,16
1.1741,1,2,94,17
3.274,1,1,98,18
1.1418,1,1,96,19
