4.1236,2,2,50,1
2.7813,3,2,50,1
1.9859,2,2,54,2
2.4776,5,1,50,1
5.2745,4,2,50,1
2.4851,2,1,75,3
1.5787,2,1,97,4
2.155,4,1,64,2
4.0797,6,1,50,1
1.9011,1,2,50,1
1.5971,6,1,73,2
10.209,4,1,57,3
1.8491,2,2,57,5
7.1339,3,1,54,2
1.7798,3,2,30,3
4.5535,5,1,27,2
2.9198,3,1,75,4
3.1032,2,2,55,6
3.3089,5,1,28,3
5.1702,4,2,11,4
1.9246,2,1,83,7
2.469,5,2,3,4
7.0885,2,1,67,8
5.0815,4,2,48,5
5.745,2,2,62,9
5.321,3,2,50,5
2.9626,5,2,23,5
2.8585,2,1,73,10
7.6635,2,1,67,11
2.1985,1,2,86,2
2.1172,3,1,73,6
4.3388,2,2,59,12
3.6239,3,1,50,7
3.0352,2,1,60,13
1.3105,1,2,62,3
2.7977,4,1,53,6
3.6655,5,1,21,6
1.5439,2,2,4,14
1.612,2,2,56,15
1.6635,1,2,81,4
3.386,4,1,49,7
6.8681,5,2,24,7
2.0085,4,1,39,8
6.1275,5,2,44,8
2.4931,5,1,50,9
4.2835,4,1,19,9
4.2626,5,1,27,10
3.5224,1,1,94,5
2.5036,4,1,35,10
3.0022,2,2,64,16
4.2579,3,1,54,8
1.7266,4,2,5,11
1.2636,5,2,2,11
1.8445,1,1,96,6
3.8998,4,2,27,12
3.5548,3,1,53,9
3.7327,5,1,43,12
1.9548,4,1,67,13
2.0515,3,1,51,10
5.9344,5,2,10,13
1.5924,2,1,65,17
1.9415,2,1,63,18
2.0391,2,2,7,19
4.7399,4,2,30,14
1.8604,4,1,82,15
2.116,2,2,41,20
3.2579,5,2,13,14
2.0307,1,1,86,7
3.0008,4,2,33,16
1.2608,5,2,25,15
1.6201,2,1,47,21
2.7592,4,2,34,17
2.3022,2,2,6,22
3.1096,2,2,42,23
1.6134,2,2,44,24
1.5676,2,2,48,25
1.898,5,1,38,16
3.8575,2,2,60,26
1.78,5,1,32,17
2.5635,2,1,52,27
2.7104,2,2,37,28
5.1162,1,1,90,8
2.9421,6,1,63,3
3.8358,2,1,43,29
4.2629,5,1,29,18
1.1491,4,1,81,18
3.5366,5,1,28,19
2.7161,2,2,20,30
2.0928,4,1,47,19
4.3837,1,1,87,9
6.3277,4,1,43,20
3.0376,5,2,27,20
2.5303,4,1,42,21
1.2438,1,1,83,10
1.5825,4,2,37,22
3.7909,6,2,25,4
1.8705,1,2,71,11
1.4652,4,1,93,23
1.2085,1,1,83,12
2.2814,6,2,34,5
2.2829,4,1,53,24
2.1607,1,2,82,13
2.0487,4,1,42,25
3.6222,4,1,40,26
2.3457,4,2,38,27
5.1985,4,1,59,28
3.4373,4,1,50,29
2.6213,6,2,31,6
3.5519,4,1,39,30
3.3365,6,1,38,7
3.2873,6,1,46,8
4.1164,6,2,31,9
3.6818,6,2,32,10
6.3909,6,1,37,11
1.6852,6,1,38,12
1.588,6,1,37,13
2.57,6,1,34,14
1.3455,6,1,36,15
1.9384,6,1,32,16
3.0349,6,2,21,17
4.4741,6,1,32,18
10.898,6,1,31,19
1.2323,6,2,4,20
3.794,6,1,19,21
3.4775,6,2,10,22
2.8675,6,2,11,23
1.7345,6,2,12,24
3.3157,6,1,24,25
3.6993,6,2,17,26
2.5321,6,2,23,27
4.4159,6,1,77,28
1.445,6,1,76,29
1.663,6,1,50,30
