13.33,6,2,50,1
5.9152,4,2,50,1
2.341,4,2,10,2
4.9139,2,2,50,1
1.3471,3,2,50,1
7.3956,3,2,80,2
5.1416,6,2,13,2
1.5394,5,2,50,1
27.065,5,2,93,2
3.7825,4,1,96,3
2.4531,1,2,50,1
1.4883,1,2,28,2
7.3165,3,2,96,3
2.2845,3,1,99,4
1.3367,5,2,87,3
1.3744,3,2,88,5
1.2785,5,2,89,4
1.5255,4,2,25,4
3.1778,3,2,96,6
4.1383,2,2,97,2
7.5962,4,2,37,5
1.3793,6,2,70,3
3.1263,2,2,88,3
1.4568,2,2,91,4
2.7939,6,2,77,4
21.264,2,1,98,5
10.891,3,1,97,7
1.1132,4,2,81,6
1.1622,5,2,92,5
8.7321,4,1,96,7
0.94239,4,2,53,8
3.3364,2,1,97,6
1.6059,1,2,87,3
1.6689,5,1,98,6
1.9498,2,2,95,7
1.1048,4,2,87,9
2.102,3,1,98,8
2.4683,2,1,97,8
1.4605,5,2,94,7
1.2513,1,2,67,4
0.99205,6,2,80,5
3.014,5,1,97,8
1.8077,5,2,93,9
13.186,5,1,95,10
4.1954,4,2,91,10
1.3985,1,2,82,5
2.0029,1,2,86,6
0.8236,6,2,77,6
3.0315,5,2,94,11
1.9073,1,1,99,7
6.1664,6,2,85,7
12.489,5,1,95,12
1.3053,1,2,88,8
1.2912,4,2,90,11
1.0232,4,2,93,12
1.2913,4,2,92,13
1.8335,6,2,92,8
5.1227,4,2,95,14
6.7045,4,2,94,15
8.7631,6,1,97,9
1.2092,6,1,98,10
6.714,6,2,91,11
10.821,1,2,89,9
1.2011,1,2,91,10
4.2077,6,1,98,12
1.5475,6,1,95,13
2.1944,6,2,91,14
1.4369,6,1,96,15
1.2483,1,1,99,11
3.4421,6,1,95,16
1.1733,1,1,96,12
16.236,6,1,93,17
2.5017,1,2,94,13
2.9344,1,2,96,14
3.1086,6,1,94,18
8.8678,1,2,97,15
3.3222,1,1,98,16
16.161,6,1,93,19
