2.2219,5,2,50,1
1.1491,3,2,50,1
1.4959,5,2,47,2
1.1548,2,2,50,1
1.0684,2,2,77,2
2.2269,4,2,50,1
1.014,4,2,55,2
1.6927,4,2,82,3
2.2525,5,2,60,3
1.682,4,1,98,4
2.6543,4,2,75,5
7.2574,4,2,94,6
1.8443,5,2,62,4
1.9327,4,2,89,7
4.1637,2,2,55,3
1.611,6,2,50,1
3.3381,4,2,95,8
4.2101,4,1,97,9
1.058,2,2,69,4
1.151,1,2,50,1
1.8382,3,2,61,2
1.5313,5,2,70,5
2.1862,2,2,72,5
0.96839,1,2,40,2
6.5397,5,1,97,6
2.2478,4,2,96,10
3.4076,3,2,88,3
0.93839,2,2,76,6
0.82826,2,2,77,7
1.7905,3,2,67,4
4.3038,4,1,97,11
2.6962,3,2,91,5
0.97857,3,2,88,6
1.4396,5,2,80,7
0.89782,3,2,91,7
0.9837,5,2,83,8
1.2749,2,2,87,8
2.0867,3,1,98,8
4.81,5,2,95,9
3.3982,5,2,96,10
3.0769,2,2,95,9
2.5388,5,1,98,11
3.7417,3,2,97,9
1.119,2,2,90,10
1.6697,3,2,96,10
2.6219,2,2,91,11
1.9433,6,2,65,2
3.5491,5,2,97,12
1.536,6,2,85,3
1.1435,6,2,65,4
3.5969,2,1,99,12
2.969,2,2,95,13
2.1315,6,2,83,5
5.6177,6,2,96,6
6.8513,2,2,98,14
1.804,2,1,99,15
1.9463,1,2,72,3
1.1538,1,2,81,4
1.7542,2,2,97,16
1.5754,1,2,86,5
4.1116,3,2,97,11
2.5119,3,1,99,12
5.1064,6,2,94,7
2.8322,1,2,93,6
2.7393,1,2,99,7
1.9847,1,2,98,8
4.785,6,2,95,8
6.7745,6,1,98,9
4.988,6,1,96,10
2.2433,6,1,97,11
