5.5254,6,1,50,1
7.3465,4,1,50,1
5.1514,4,2,10,2
5.9059,2,2,50,1
7.9256,3,1,50,1
5.6707,3,1,80,2
6.4057,6,2,13,2
6.6319,5,1,50,1
3.7109,5,1,93,2
2.781,4,1,96,3
2.7809,1,2,50,1
2.992,1,2,28,2
3.6409,3,1,73,3
5.8662,3,1,69,4
3.6607,5,1,69,3
4.0765,3,2,26,5
4.2363,5,2,13,4
3.7466,4,2,16,4
5.2959,3,2,45,6
4.8758,4,2,24,5
4.5064,2,1,97,2
6.8547,5,2,19,5
8.6118,2,2,51,3
2.5256,5,1,67,6
6.6326,2,2,57,4
1.4711,2,1,97,5
2.4408,3,1,67,7
5.0816,4,2,34,6
3.936,2,2,63,6
6.4164,3,2,40,8
1.7162,1,1,87,3
2.8957,6,1,66,3
5.2462,3,1,55,9
2.3161,2,1,87,7
4.7521,4,1,64,7
1.1711,2,1,89,8
2.1357,5,2,27,7
3.5859,2,1,78,9
2.9158,5,2,41,8
2.4314,1,2,66,4
3.2808,6,2,9,4
3.406,5,1,49,9
1.3014,2,1,84,10
3.8138,6,1,53,5
3.2456,2,1,79,11
22.779,4,2,31,8
3.3058,5,2,29,10
5.751,4,2,49,9
4.4157,2,1,60,12
1.6818,2,2,10,13
3.8713,6,2,17,6
10.664,3,1,40,10
2.3614,3,2,17,11
1.7608,3,2,21,12
1.7224,1,1,72,5
2.8414,6,1,51,7
2.6463,2,2,38,14
3.7757,1,2,55,6
6.9699,4,1,46,10
1.6364,3,2,28,13
3.1057,5,1,42,11
11.608,2,2,52,15
2.021,5,2,33,12
1.4958,5,2,34,13
12.352,3,1,40,14
4.1116,4,2,37,11
5.4012,4,1,48,12
2.2611,4,2,41,13
5.3558,5,2,41,14
3.366,4,2,43,14
2.8665,3,2,32,15
3.9058,2,1,62,16
7.6701,2,2,54,17
19.457,6,1,35,8
3.4311,6,1,29,9
9.6613,2,1,57,18
4.3175,4,1,44,15
4.6863,5,1,45,15
2.131,2,2,15,19
2.1464,4,2,12,16
1.6462,5,1,42,16
9.9154,6,1,35,10
1.6462,4,2,15,17
1.8708,6,2,29,11
1.7659,2,2,29,20
5.6663,4,2,22,18
3.0706,6,2,27,12
1.7507,1,2,56,7
4.2761,4,1,31,19
1.9763,2,2,44,21
1.7108,6,1,34,13
1.8359,4,2,6,20
1.5857,4,2,14,21
2.1812,4,1,28,22
1.666,4,2,19,23
1.2159,1,2,64,8
2.3365,6,1,33,14
3.541,3,2,34,16
5.0809,1,2,75,9
6.0914,2,2,54,22
5.2265,6,1,31,15
4.7306,3,1,38,17
2.7468,1,2,84,10
2.2908,3,2,17,18
1.9262,1,2,78,11
4.3315,3,2,36,19
1.4564,2,2,58,23
4.3413,6,1,30,16
11.977,3,2,39,20
4.6515,3,2,50,21
7.0261,1,1,87,12
3.8213,3,1,97,22
3.1547,3,1,71,23
1.9762,4,2,21,24
1.4011,4,2,26,25
1.811,6,1,28,17
2.4456,4,2,27,26
1.9963,2,2,76,24
4.8162,6,2,5,18
4.5448,4,2,31,27
2.4761,3,1,70,24
5.4958,4,2,55,28
1.5508,4,2,47,29
2.6613,4,1,60,30
1.3055,6,2,9,19
1.4308,2,2,73,25
1.6013,2,1,97,26
3.1562,3,2,54,25
1.7313,2,2,87,27
8.4163,3,2,66,26
1.6814,1,2,85,13
1.9645,3,1,86,27
2.0658,6,2,24,20
2.321,2,1,86,28
3.6707,3,1,80,28
1.1411,2,2,53,29
1.401,3,2,56,29
1.6359,6,2,27,21
1.3309,2,2,63,30
2.416,1,2,89,14
7.6008,3,1,77,30
1.7905,1,2,88,15
3.496,1,1,95,16
6.8015,1,2,91,17
5.7609,1,1,97,18
2.7314,1,1,94,19
3.9215,1,2,91,20
2.7706,1,2,93,21
1.9909,1,1,98,22
5.001,1,2,93,23
3.4563,1,2,94,24
1.996,1,1,99,25
1.4661,1,1,98,26
0.94576,1,1,96,27
1.9514,1,2,93,28
9.4567,1,1,95,29
