6.8407,6,2,50
4.2475,4,2,50
7.9396,4,2,10
4.0835,2,2,50
3.4032,3,2,50
4.6537,3,1,80
6.1138,6,2,13
6.1285,5,2,50
3.9864,5,1,93
3.8929,4,1,96
4.4977,1,2,50
3.3983,1,2,28
4.0684,3,1,92
5.4937,3,2,87
6.1383,5,1,74
12.558,3,1,69
2.8534,5,2,17
9.49,4,1,25
2.7141,3,1,56
3.7342,4,2,16
10.962,2,1,97
7.296,5,2,38
5.1983,2,1,51
3.8071,5,1,91
2.5567,2,2,14
11.058,2,1,91
9.5712,3,1,66
18.209,4,1,34
3.5697,2,2,33
7.8304,3,2,23
4.8876,1,2,87
4.129,6,1,70
13.706,3,2,47
3.8218,5,1,51
9.1443,2,1,77
8.9525,4,1,26
14.341,3,2,53
6.9064,6,1,24
3.7988,4,2,23
2.9143,3,2,54
10.924,1,2,77
6.3777,5,2,49
3.5429,2,2,59
4.0261,6,2,11
3.3036,2,2,90
3.2123,4,2,26
9.6953,5,1,51
20.334,3,1,55
6.3842,1,2,95
28.564,2,2,65
5.1743,1,2,90
2.3493,3,2,29
2.2281,6,1,22
2.2996,3,2,42
6.8496,1,1,99
4.7223,6,2,9
8.3298,2,2,73
4.0343,1,2,91
4.3327,4,1,66
9.1489,2,1,83
16.605,4,1,43
20.448,4,2,28
7.6024,6,1,18
2.5174,3,2,45
5.273,4,1,84
9.8652,4,2,56
3.2758,4,2,55
3.9475,4,1,71
19.057,2,2,67
4.6245,2,2,74
3.0099,2,2,88
12.062,3,1,50
2.5333,3,2,17
3.0136,6,2,17
7.2869,2,1,86
3.9581,2,2,36
6.36,2,2,67
4.3731,3,2,24
6.4741,1,1,93
16.555,1,2,26
15.459,3,2,37
2.3787,3,1,47
18.766,4,1,65
3.4313,4,1,57
7.6101,3,2,48
9.9878,1,1,94
2.2685,1,1,86
3.829,2,1,69
6.4273,3,1,66
9.4385,6,1,19
15.555,3,1,62
3.1846,1,2,24
11.529,3,1,57
2.8134,2,1,62
14.349,1,2,75
20.509,3,2,56
11.442,1,1,84
4.7185,1,2,6
5.2923,2,1,17
4.5738,3,1,51
13.019,1,1,71
3.3696,3,2,24
4.7539,1,2,11
5.8641,3,1,51
3.0616,2,2,41
8.9394,2,1,53
4.8918,2,2,21
6.1979,1,2,40
3.4236,3,1,42
2.0996,3,2,28
3.429,2,2,37
1.6427,2,2,39
4.501,2,2,47
2.6743,2,1,63
19.403,3,2,51
2.434,3,2,53
7.5146,2,2,60
2.4679,2,1,67
2.6044,2,2,53
23.151,3,1,57
7.9906,2,1,65
4.9812,3,1,55
9.5761,2,1,60
4.0826,3,1,52
5.6484,1,1,72
3.0895,3,2,37
6.9345,3,2,50
5.8782,3,1,52
7.1239,2,1,56
2.2921,2,2,9
7.4368,1,1,42
5.4247,1,2,18
13.369,1,2,50
1.3649,1,1,69
6.4942,2,2,43
1.698,2,1,49
2.4768,2,2,41
1.6422,2,1,52
5.5375,2,2,42
1.8881,2,1,49
4.6943,2,1,46
3.21,2,2,30
1.2332,2,2,36
3.0042,1,1,47
1.9823,2,2,37
5.3626,1,2,20
2.253,2,2,39
4.9701,1,1,36
1.3927,1,2,35
10.495,2,2,45
6.8596,2,1,46
1.614,1,2,39
1.9979,1,2,43
1.4685,1,1,91
1.2285,1,1,84
0.83149,1,1,67
0.82811,1,2,42
4.5908,1,1,57
0.78855,1,2,49
2.77,1,1,79
1.0585,1,2,47
1.0832,1,1,77
1.048,1,1,73
1.0424,1,1,71
1.0164,1,1,67
1.6528,1,2,51
0.88351,1,1,76
2.9571,1,2,56
1.0588,1,1,95
0.84716,1,1,65
0.9796,1,2,55
1.9284,1,1,56
