7.6726,6,1,50
2.6106,4,1,50
1.6189,4,2,10
3.9571,2,2,50
12.074,3,2,50
1.5343,3,1,80
2.3369,6,2,13
12.033,5,1,50
1.6119,5,1,93
1.614,4,1,96
2.1311,1,2,50
2.4679,1,2,28
1.3468,3,1,92
0.94862,3,1,87
2.1644,5,1,69
6.0895,3,2,33
1.9297,5,2,13
2.4593,4,2,16
2.8094,3,1,68
4.632,4,2,24
2.31,2,1,97
1.554,5,2,19
3.3017,2,2,51
3.4996,5,1,67
2.8077,2,2,57
1.5372,2,1,97
1.8545,3,1,78
11.161,4,2,34
8.2301,2,2,63
14.364,3,2,49
2.0773,1,2,87
1.6592,6,1,66
2.3968,3,1,65
1.9892,2,1,87
3.5651,4,1,64
2.3975,2,1,89
5.0873,5,2,27
2.0521,2,1,78
10.175,5,2,41
2.0824,1,2,77
2.5402,6,2,9
10.109,5,1,49
1.6231,2,1,84
3.0131,6,1,53
10.758,2,1,79
2.7739,4,2,31
2.4144,5,2,29
3.9827,4,2,49
17.303,2,2,60
2.8251,2,2,62
1.7409,6,2,17
7.1178,3,2,49
8.8722,3,1,55
3.8941,3,2,51
2.598,1,2,87
2.68,6,1,51
8.552,2,2,69
2.9585,1,2,89
5.8609,4,1,46
6.1268,2,2,76
1.4426,2,2,71
3.5352,5,2,42
9.6876,3,2,54
7.9174,3,2,57
9.5425,5,2,49
6.274,3,1,77
1.5317,3,1,73
4.8916,4,2,23
7.5986,2,1,74
1.2307,2,2,23
2.8427,2,2,69
2.929,3,1,72
4.5466,3,2,60
5.7511,6,1,35
8.9085,2,1,71
1.352,2,2,30
1.6911,2,2,57
28.65,3,1,65
1.9095,1,1,95
6.5793,1,2,90
5.3937,3,2,60
6.2596,3,2,63
8.0833,4,2,40
5.6311,4,2,42
1.6843,3,1,99
7.6531,6,2,29
5.3026,2,2,59
7.4123,2,2,64
12.824,4,2,47
3.0837,5,1,48
17.968,3,1,61
1.4325,1,1,99
6.0938,3,2,44
1.9041,4,1,73
2.9073,4,1,69
2.8791,5,2,44
15.3,6,1,43
4.2837,3,2,61
13.285,4,1,50
3.2163,4,2,46
7.4352,5,1,46
4.4609,4,2,49
2.4044,5,2,7
1.5261,5,2,26
6.0213,2,1,71
1.3082,5,2,28
2.4206,4,1,99
2.9706,4,1,69
1.4628,1,1,96
6.4988,2,2,67
6.7549,6,1,36
1.907,5,2,29
11.803,4,2,53
12.294,6,1,34
2.2815,4,1,97
1.5664,4,1,75
3.4607,6,2,22
4.5631,4,2,54
7.673,2,1,69
3.8697,6,2,24
2.0394,4,1,94
4.4497,2,2,26
2.4248,4,1,68
3.0612,4,2,57
5.4603,6,2,26
7.7683,4,1,66
1.4532,5,2,34
3.2717,4,2,55
2.2142,2,2,53
2.3891,1,1,90
4.6932,4,1,60
1.2329,1,1,93
7.1912,4,1,58
2.9424,5,2,45
5.3039,4,2,57
1.7259,2,2,56
4.3837,1,1,89
5.9365,2,2,65
4.3351,5,1,47
2.4671,6,2,33
9.8229,2,2,68
1.1674,1,2,24
1.4317,1,2,41
2.0307,6,1,35
7.5951,1,2,71
5.5103,2,1,70
6.2632,6,2,29
3.3991,1,2,74
6.0331,6,1,31
3.079,6,2,7
2.0234,6,2,24
15.969,1,2,83
3.2942,6,2,26
7.6013,1,1,86
1.8627,1,2,47
1.8763,1,2,79
16.769,6,2,34
2.2872,6,1,54
3.3896,1,2,82
7.1097,1,2,83
2.7081,6,1,43
3.8098,6,1,39
0.93859,6,2,31
1.7416,6,2,35
2.2576,1,1,88
1.4774,6,1,72
2.1327,6,1,63
2.9464,1,2,86
2.4331,6,1,51
1.9119,6,2,35
1.7889,6,1,47
4.1472,6,1,45
1.6469,6,2,38
2.2377,6,1,70
2.9437,6,2,45
1.7732,6,1,80
6.9156,6,1,42
2.9593,6,2,15
1.8524,6,2,31
1.8326,6,2,41
6.0213,6,1,44
4.7091,6,1,42
