6.6144,4,1,50,1
2.2894,1,2,50,1
2.6209,3,1,50,1
3.3784,4,1,93,2
10.476,4,1,59,3
1.5991,3,1,84,2
9.3067,2,2,50,1
1.627,1,2,12,2
3.6136,4,2,21,4
5.7759,4,1,41,5
1.2794,3,2,16,3
2.0306,2,2,15,2
2.8362,4,2,22,6
2.5895,6,1,50,1
4.2244,2,2,33,3
3.1218,4,2,33,7
2.4124,5,1,50,1
2.6941,5,1,74,2
6.4351,5,1,69,3
16.509,2,1,44,4
1.5014,1,1,68,3
2.9655,2,1,40,5
2.7823,4,2,23,8
2.2782,4,2,24,9
3.4705,3,1,72,4
10.184,4,1,46,10
1.8911,2,2,15,6
18.395,5,1,54,4
1.5806,3,2,4,5
2.9958,2,2,44,7
1.9448,1,1,95,4
5.4812,2,2,51,8
1.8951,4,2,31,11
3.6767,2,1,56,9
12.011,4,2,38,12
2.4326,2,1,53,10
5.2453,5,2,16,5
10.395,1,2,55,5
1.4073,5,2,4,6
2.4796,3,1,56,6
2.3918,6,2,8,2
3.3958,1,1,70,6
7.5982,4,1,35,13
1.9996,1,2,56,7
2.2317,4,2,31,14
1.8927,3,2,28,7
2.2563,1,2,67,8
7.8542,4,2,32,15
2.4869,5,2,14,7
10.195,4,1,39,16
2.3183,5,2,26,8
5.1433,5,2,29,9
9.0997,3,2,46,8
1.6336,5,2,30,10
2.2344,5,2,31,11
5.0358,2,2,45,11
2.2749,2,1,51,12
2.6926,4,2,35,17
10.383,5,1,53,12
3.8057,6,2,33,3
2.4047,3,1,53,9
3.095,4,2,38,18
1.9379,2,2,49,13
9.224,5,2,35,13
1.5725,4,1,86,19
3.6347,3,2,37,10
1.3532,4,1,47,20
22.264,5,1,36,14
1.52,6,1,88,4
4.5123,5,1,37,15
1.9802,6,1,43,5
3.9788,5,1,34,16
20.484,3,2,39,11
1.9478,4,2,36,21
1.5915,4,2,41,22
1.7922,5,2,18,17
2.0931,1,2,65,9
1.7488,5,2,31,18
1.2826,4,2,42,23
1.6844,1,2,67,10
4.3592,3,1,43,12
2.7607,5,2,34,19
3.083,4,1,48,24
3.1656,1,2,68,11
4.4369,4,1,42,25
1.0767,6,2,16,6
1.6735,3,2,16,13
2.6567,3,2,19,14
10.964,3,2,49,15
2.6139,3,1,52,16
1.9506,3,2,49,17
2.5375,3,1,50,18
4.2693,1,1,70,12
4.1101,6,2,22,7
2.7243,1,2,68,13
4.6797,6,1,48,8
2.0509,6,1,36,9
3.6389,6,1,42,10
3.7675,6,2,38,11
7.8401,6,1,63,12
6.6918,6,1,40,13
1.2689,6,2,35,14
0.83854,6,2,39,15
1.5087,6,2,40,16
0.94117,6,2,43,17
1.6175,6,1,61,18
1.2018,6,1,60,19
1.3002,6,1,55,20
1.6668,6,1,45,21
5.7671,6,2,44,22
1.3335,6,1,49,23
3.1477,6,1,47,24
1.533,6,1,46,25
2.3463,6,1,45,26
