14.264,6,1,50,1
5.2794,4,2,50,1
4.0995,4,2,10,2
3.3099,2,2,50,1
2.1327,3,1,50,1
3.0592,3,1,80,2
3.3749,6,2,13,2
12.382,5,2,50,1
1.8792,5,1,93,2
3.614,4,1,96,3
2.544,1,2,50,1
2.1263,1,2,28,2
3.2947,3,1,73,3
5.0473,3,1,69,4
1.6478,5,1,74,3
2.537,3,2,26,5
3.1497,5,2,17,4
5.4654,4,2,25,4
1.7961,3,2,45,6
1.6323,4,2,37,5
4.8461,2,2,97,2
6.5131,5,2,38,5
2.103,2,1,75,3
1.3119,5,1,91,6
2.0424,2,2,15,4
1.4737,2,1,94,5
2.4614,3,1,67,7
2.7328,4,2,51,6
6.0807,2,2,35,6
1.8042,3,2,40,8
1.237,1,1,87,3
5.8622,6,1,66,3
1.9674,3,2,55,9
1.2446,2,1,80,7
1.2792,4,1,77,7
1.76,2,1,71,8
1.8473,5,2,51,7
3.2786,2,2,49,9
2.8941,5,1,68,8
2.8627,1,2,66,4
2.335,6,2,9,4
4.4352,5,1,63,9
0.98193,2,1,73,10
1.2726,6,2,53,5
1.694,2,1,68,11
1.5978,4,2,58,8
2.2218,5,2,52,10
2.5626,4,1,76,9
1.2868,2,2,10,12
2.0025,2,2,18,13
1.355,6,2,29,6
2.1161,3,2,46,10
2.9943,3,1,64,11
6.2089,3,2,48,12
1.1385,1,1,72,5
1.5383,6,1,96,7
2.2333,2,2,40,14
2.1787,1,2,55,6
3.794,4,2,61,10
2.7622,3,2,52,13
4.3748,5,2,62,11
2.0446,2,2,51,15
5.4162,5,2,55,12
1.8209,5,2,56,13
3.0982,3,2,59,14
1.7418,4,1,72,11
2.1354,4,1,73,12
4.2014,4,2,64,13
1.383,5,2,62,14
1.4523,4,2,65,14
10.163,3,1,69,15
1.7853,2,2,58,16
4.5762,2,2,61,17
1.7293,6,1,68,8
1.2529,6,2,46,9
2.1494,2,2,65,18
3.2753,4,2,66,15
3.9651,5,1,65,15
3.6161,2,2,67,19
3.4236,4,2,67,16
2.3508,1,2,56,7
1.6961,3,2,58,16
2.9682,3,2,64,17
3.7303,4,2,68,17
2.1023,4,1,70,18
1.7685,6,1,68,10
2.0538,6,1,47,11
2.2156,2,1,68,20
3.6391,4,1,69,19
5.3784,4,1,67,20
2.9613,5,1,63,16
1.5875,3,1,98,18
1.4633,1,1,85,8
4.3511,3,1,86,19
2.0074,4,2,34,21
4.2728,4,2,64,22
1.7236,1,2,78,9
8.7518,6,2,42,12
2.3221,3,1,83,20
1.3033,1,2,83,10
1.4395,1,2,80,11
1.8355,4,2,65,23
6.2116,4,2,67,24
5.833,3,1,60,21
1.5279,1,2,96,12
2.9569,3,2,28,22
3.1614,1,2,85,13
3.0265,3,2,58,23
1.4084,3,2,62,24
1.6894,3,2,61,25
1.7444,3,2,69,26
1.7025,1,2,91,14
2.0895,3,1,98,27
3.9715,3,1,82,28
1.9489,6,2,50,13
7.3596,3,2,68,29
1.4424,3,1,74,30
1.5381,6,2,56,14
1.177,6,1,87,15
1.2591,1,1,98,15
1.3719,1,1,94,16
2.5184,1,2,57,17
1.9817,6,1,83,16
1.4683,1,2,60,18
2.0629,6,1,68,17
1.7134,1,1,70,19
2.4747,1,2,24,20
2.4129,6,1,61,18
1.8397,1,2,66,21
1.8922,6,2,50,19
1.7065,1,2,71,22
1.4033,6,2,53,20
1.4677,6,2,55,21
1.8777,6,2,59,22
1.7873,1,1,87,23
6.1032,6,2,66,23
1.4439,1,2,77,24
1.2622,1,2,86,25
0.97193,1,2,94,26
1.8579,6,1,99,24
1.4772,6,1,72,25
1.0014,1,2,91,27
1.6413,1,1,92,28
3.1982,6,1,66,26
2.433,6,2,64,27
2.5764,1,2,80,29
0.86768,1,2,89,30
