7.0809,6,1,50,1
6.791,4,2,50,1
2.4489,4,2,10,2
2.8777,2,2,50,1
1.9337,3,2,50,1
5.4132,3,1,80,2
11.448,6,1,13,2
9.1117,5,2,50,1
4.4291,5,1,93,2
2.8427,4,1,96,3
3.0261,1,2,50,1
2.1344,1,2,28,2
3.533,3,1,92,3
2.3982,3,1,87,4
5.6421,5,1,74,3
2.6933,3,2,33,5
1.9639,5,2,17,4
7.5515,4,2,25,4
12.19,3,2,68,6
2.0888,4,2,37,5
2.6198,2,1,97,2
2.9725,5,2,38,5
3.9324,2,2,51,3
2.1975,5,1,91,6
6.6442,2,2,57,4
11.625,2,1,97,5
9.4432,3,1,86,7
8.2224,4,2,51,6
2.2785,2,2,63,6
4.1749,3,2,63,8
1.9025,1,1,87,3
5.6756,6,1,33,3
3.4731,3,1,76,9
7.9188,2,1,87,7
4.8335,4,1,77,7
2.9584,2,1,89,8
4.1855,5,2,51,7
10.75,2,1,78,9
10.526,5,1,68,8
2.9632,1,2,66,4
2.9838,6,2,4,4
4.4237,5,1,63,9
3.0848,2,1,84,10
2.5311,6,1,26,5
6.9197,2,1,79,11
10.606,4,2,58,8
4.377,5,1,52,10
8.5021,4,1,76,9
1.8816,2,1,60,12
2.2575,2,2,10,13
2.6792,6,2,5,6
8.8467,3,2,63,10
2.5979,3,1,69,11
6.8905,3,2,64,12
2.3027,1,2,72,5
6.2704,6,1,25,7
3.8937,2,2,38,14
1.919,1,2,70,6
3.8984,4,1,61,10
3.998,3,1,67,13
3.6398,5,1,58,11
1.4031,2,2,52,15
2.7967,5,1,52,12
6.1862,6,2,16,8
5.0179,3,2,38,14
9.8412,4,2,69,11
8.0843,4,2,79,12
1.7988,4,1,81,13
1.6616,4,1,73,14
2.2941,2,2,62,16
1.4915,2,1,72,17
2.9753,2,1,70,18
3.5102,3,2,52,15
3.322,3,2,57,16
2.2331,6,1,79,9
10.28,2,2,62,19
5.6203,2,2,65,20
1.9766,2,1,85,21
1.2777,3,2,59,17
1.3568,1,2,71,7
1.5077,1,2,79,8
3.8752,3,2,63,18
3.3516,3,2,66,19
5.3933,4,2,49,15
1.3926,4,2,56,16
1.464,3,2,69,20
2.2402,6,2,37,10
8.9039,2,2,65,22
1.8119,2,2,72,23
1.2323,4,1,72,17
4.2322,6,1,83,11
8.8389,4,2,36,18
2.8887,4,2,43,19
2.1687,4,1,57,20
1.646,4,2,44,21
2.1922,1,2,98,9
6.7338,6,1,76,12
7.7005,3,2,68,21
2.2392,1,1,89,10
3.4163,1,2,7,11
1.9484,2,1,90,24
2.2778,6,1,59,13
4.3692,3,1,70,22
1.7685,1,1,81,12
2.9143,1,2,12,13
2.9431,4,2,49,22
2.6233,1,2,43,14
1.9111,2,1,81,25
2.1072,6,2,44,14
3.1993,2,1,71,26
1.8029,6,1,95,15
10.32,4,1,63,23
2.0182,4,2,57,24
2.492,6,1,61,16
9.0201,4,2,58,25
2.0288,2,2,30,27
3.905,6,1,41,17
1.1857,4,1,95,26
8.0169,2,2,45,28
11.38,4,1,71,27
2.9922,4,1,61,28
1.6926,6,2,7,18
7.2457,4,2,58,29
3.6206,2,2,61,29
2.6006,2,1,68,30
1.444,1,1,88,15
2.8873,4,1,61,30
4.0446,1,2,70,16
10.273,6,2,34,19
2.5637,1,1,71,17
2.6847,6,1,39,20
2.0525,1,2,22,18
1.8639,1,2,37,19
3.0033,6,1,26,21
2.9554,1,2,63,20
2.4697,6,2,18,22
4.4654,1,2,66,21
3.672,6,2,24,23
2.1289,6,2,27,24
19.795,6,1,74,25
1.8839,1,2,75,22
1.7276,6,1,36,26
2.5531,1,1,83,23
4.0001,1,1,77,24
1.3028,1,1,76,25
4.997,6,2,28,27
2.2127,6,1,51,28
4.7782,1,1,73,26
2.1238,1,2,8,27
6.5598,6,1,39,29
8.609,6,1,35,30
1.7627,1,1,65,28
1.4664,1,2,46,29
3.225,1,2,49,30
