5.8717,2,2,50,1
1.6546,1,2,50,1
2.3096,5,1,50,1
2.2448,4,1,50,1
3.1441,3,2,50,1
1.3614,2,2,14,2
1.1512,2,2,18,3
1.8515,3,2,15,2
3.1501,4,1,74,2
1.7314,1,2,53,2
1.4619,2,2,54,4
2.0696,3,1,78,3
2.8353,5,1,48,2
2.5185,5,2,20,3
1.5669,5,2,19,4
2.1211,4,1,52,3
1.9831,5,1,48,5
1.7452,6,1,50,1
2.0716,4,2,23,4
1.9426,3,1,90,4
5.2465,5,2,24,6
2.1838,1,2,67,3
1.8343,4,2,8,5
2.0764,3,1,71,5
2.6638,5,2,29,7
2.1485,4,2,30,6
1.4113,5,2,37,8
2.6292,5,1,48,9
1.9373,4,1,40,7
3.5734,2,2,60,5
2.5212,4,2,36,8
4.0228,4,1,47,9
1.7815,1,2,58,4
1.7202,5,1,41,10
1.42,5,1,46,11
4.3193,4,2,34,10
1.6582,3,2,24,6
2.0384,4,2,36,11
1.3669,4,1,43,12
1.9289,3,1,70,7
2.3441,2,1,77,6
1.535,1,2,84,5
1.3117,4,1,39,13
3.3322,3,2,33,8
4.5741,5,2,39,12
2.1326,2,1,61,7
2.024,3,2,38,9
1.8212,1,2,88,6
1.5811,2,1,67,8
1.1975,1,2,86,7
1.4953,5,1,45,13
1.7851,6,1,51,2
1.9282,5,1,38,14
1.2744,3,1,45,10
1.6845,6,1,50,3
1.3156,3,2,9,11
1.7735,1,2,99,8
3.5046,5,2,21,15
3.0324,1,2,98,9
7.295,4,2,38,14
1.9105,2,1,62,9
1.4749,6,2,15,4
2.2546,3,2,37,12
1.5265,2,1,58,10
1.3363,4,2,37,15
1.1343,2,2,11,11
1.2516,3,1,62,13
1.0001,5,2,28,16
1.4527,2,1,56,12
1.9226,2,2,35,13
1.6154,2,1,40,14
1.3758,5,2,38,17
2.3171,3,1,60,14
1.1662,6,2,14,5
0.92538,2,2,3,15
2.6034,5,1,39,18
2.8905,6,2,26,6
1.2543,3,1,47,15
1.6105,4,2,38,16
1.1612,2,2,5,16
1.7572,3,2,40,16
3.7279,2,1,40,17
1.5202,3,1,45,17
1.2565,6,2,34,7
0.84408,2,2,9,18
1.4645,3,1,44,18
0.96146,2,2,13,19
1.2793,3,2,29,19
0.91967,3,2,35,20
0.99727,2,2,33,20
0.97959,2,2,36,21
1.9846,2,2,39,22
1.1253,3,2,37,21
1.793,6,1,42,8
2.4603,3,2,38,22
1.7776,6,2,36,9
2.2724,3,1,43,23
2.2613,3,2,34,24
1.1144,3,2,39,25
0.69636,3,2,43,26
1.2444,6,2,37,10
1.446,6,1,46,11
1.4129,6,2,38,12
1.7081,6,1,41,13
1.616,6,1,42,14
1.184,6,1,40,15
1.7113,6,1,41,16
1.2579,6,1,40,17
1.6776,6,2,38,18
