5.2812,4,2,50,1
1.1414,6,2,50,1
0.97066,6,1,77,2
1.947,2,2,50,1
5.8205,5,1,50,1
1.2267,4,1,73,2
1.5199,3,1,50,1
1.2056,2,1,86,2
1.0479,2,2,12,3
0.92633,4,2,3,3
3.2684,4,2,30,4
0.91976,3,2,5,2
0.96037,5,2,21,2
2.309,2,2,29,4
1.5193,3,2,12,3
1.1523,1,1,50,1
0.78018,2,1,69,5
1.2859,1,2,11,2
0.99685,5,1,87,3
1.6664,6,1,58,3
1.0413,5,2,6,4
1.3878,3,2,25,4
0.86713,6,1,76,4
0.91156,3,2,24,5
0.99123,1,1,93,3
1.8701,5,2,48,5
0.65763,1,1,78,4
1.3227,3,2,59,6
0.84023,6,2,23,5
1.5465,6,1,52,6
1.1781,3,1,92,7
1.2997,2,2,64,6
0.62195,1,2,14,5
1.4494,2,2,56,7
0.80227,4,2,65,5
1.743,2,2,62,8
4.3551,4,1,73,6
0.63082,2,1,80,9
1.2204,5,2,44,6
0.95127,1,2,46,6
2.3355,5,1,47,7
0.59604,3,1,76,8
0.98146,6,2,33,7
1.0537,1,2,42,7
1.606,4,2,54,7
0.95184,1,2,53,8
1.2392,6,2,41,8
0.86935,5,2,10,8
0.68277,5,2,24,9
1.6975,4,1,68,8
1.8465,5,2,25,10
1.1149,4,1,64,9
0.87851,1,1,50,9
2.0864,4,2,38,10
0.65327,2,2,64,10
0.74462,5,2,45,11
0.78462,1,2,41,10
0.81465,5,2,49,12
1.2758,2,1,73,11
0.90277,2,1,71,12
1.3092,4,2,60,11
0.58681,5,1,97,13
0.71848,6,2,50,9
0.68368,3,2,48,9
0.77335,4,1,66,12
0.61472,2,1,68,13
2.1426,2,1,64,14
3.8115,2,1,66,15
0.83854,3,1,58,10
1.3491,4,1,65,13
0.94767,5,1,59,14
0.87748,6,1,57,10
0.78945,5,1,50,15
0.75229,6,1,53,11
1.9259,5,2,48,16
0.69153,3,2,9,11
1.5958,4,1,60,14
0.72747,4,2,27,15
0.49776,4,2,29,16
1.7585,1,2,42,11
2.0587,4,1,33,17
1.8445,1,2,47,12
1.7127,3,2,23,12
1.6253,4,2,7,18
1.8651,1,2,48,13
1.8758,4,2,17,19
1.5249,4,2,30,20
0.87463,3,2,34,13
1.5174,3,2,36,14
1.7475,4,1,60,21
0.83529,3,1,59,15
0.90915,4,2,35,22
1.3693,3,2,52,16
0.99239,3,1,54,17
1.3445,3,2,21,18
1.6882,1,1,53,14
0.98396,4,1,89,23
3.7557,3,2,37,19
0.88433,4,1,87,24
1.8675,1,2,49,15
1.1032,4,1,58,25
1.3051,6,1,51,12
1.0896,4,1,55,26
1.4358,4,2,34,27
1.0612,3,1,42,20
0.89782,1,1,52,16
1.2119,4,1,41,28
1.1271,1,2,51,17
1.2342,4,2,37,29
1.1824,3,2,22,21
1.7419,4,1,62,30
1.1795,3,1,48,22
1.2239,3,2,24,23
3.9818,3,1,48,24
0.93944,3,2,27,25
1.078,3,2,31,26
2.6112,3,2,45,27
0.95241,1,2,88,18
2.3108,3,1,47,28
0.96753,3,1,45,29
1.5513,3,1,44,30
0.64496,1,1,86,19
0.69253,1,2,47,20
0.80052,1,2,86,21
