1.6835,3,2,50,1
1.2943,5,2,50,1
1.1282,2,2,50,1
1.4154,3,2,11,2
1.6836,5,2,42,2
2.1064,4,2,50,1
1.8556,4,1,96,2
1.5189,4,2,29,3
1.0222,2,2,15,2
1.4448,3,2,58,3
1.3088,1,2,50,1
1.5489,6,2,50,1
1.8998,3,2,89,4
1.2532,5,2,72,3
2.1898,2,2,72,3
1.2328,2,2,86,4
3.4461,2,2,82,5
1.1445,6,2,46,2
2.5049,2,1,95,6
1.7632,4,2,34,4
5.6642,3,1,90,5
1.2774,4,2,79,5
4.7848,2,2,87,7
1.8764,2,2,96,8
1.1448,3,2,85,6
1.981,3,1,95,7
1.0012,5,2,74,4
1.36,4,2,82,6
1.0667,5,2,95,5
4.9525,2,2,95,9
1.9167,4,1,91,7
1.5981,4,2,88,8
1.3077,6,2,61,3
1.8245,1,2,60,2
3.8804,3,1,92,8
1.5923,5,2,81,6
1.9764,2,1,98,10
1.745,1,2,70,3
1.934,5,1,99,7
1.998,4,1,92,9
2.7136,3,1,90,9
2.0359,2,1,95,11
1.9717,2,2,4,12
1.6926,3,2,86,10
2.5953,4,2,89,10
4.14,1,2,81,4
1.2553,2,2,45,13
2.3364,3,2,89,11
4.371,5,1,90,8
1.268,5,2,39,9
1.1382,5,2,62,10
2.3155,4,2,91,11
6.4487,5,1,97,11
2.0605,6,2,55,4
5.9117,4,1,90,12
1.0326,5,2,68,12
3.0397,4,2,14,13
0.86532,2,2,55,14
1.918,2,2,83,15
1.3909,1,2,80,5
1.7517,6,2,78,5
2.173,5,1,92,13
3.5473,1,1,97,6
1.5449,4,2,21,14
1.3379,2,2,89,16
1.4216,4,2,55,15
1.264,4,2,85,16
1.5036,1,1,92,7
1.4554,5,2,89,14
2.7746,5,1,92,15
1.179,4,2,86,17
2.2073,5,1,91,16
3.5611,4,2,87,18
2.7177,4,1,90,19
3.1195,2,1,92,17
2.4779,2,2,12,18
1.4838,4,2,88,20
2.2524,2,2,28,19
2.1384,2,2,61,20
1.6527,2,2,68,21
1.6259,2,2,94,22
3.9468,1,1,91,8
1.6446,1,2,89,9
1.6308,6,2,88,6
1.9577,2,1,93,23
1.1352,1,2,90,10
1.0731,2,2,37,24
1.7961,1,2,92,11
2.5576,1,1,98,12
1.405,2,2,56,25
3.2626,6,1,97,7
2.1474,2,1,94,26
1.483,1,2,91,13
1.0908,2,2,63,27
1.9165,6,2,84,8
1.6396,2,2,69,28
1.1795,2,2,84,29
2.8188,1,2,95,14
2.1756,1,2,94,15
1.2771,1,1,99,16
1.0874,2,2,86,30
2.1771,1,2,96,17
2.5597,1,2,95,18
1.2993,1,1,99,19
3.3581,1,2,95,20
2.3446,1,1,98,21
1.0556,6,2,86,9
2.1268,6,1,96,10
1.3264,1,2,95,22
1.5455,1,2,97,23
1.3376,6,2,87,11
2.4699,6,1,91,12
1.1819,1,1,98,24
1.3869,6,2,89,13
2.3378,6,1,94,14
2.4684,6,2,89,15
3.3598,6,1,91,16
