2.3346,4,1,50
1.3071,3,2,50
1.2475,4,1,85
1.1337,2,1,50
0.88347,5,1,50
0.87257,3,1,5
0.81864,2,1,99
1.2701,1,2,50
2.0388,2,2,18
1.6227,4,1,28
1.6246,2,2,21
1.6456,4,1,23
1.2453,2,1,78
1.1571,5,1,29
1.0366,1,2,52
1.467,5,2,4
1.2125,3,1,76
1.0869,6,1,50
1.0392,1,2,72
1.0031,4,2,5
1.0943,1,1,66
1.5633,6,1,33
1.7911,5,2,10
1.9496,5,2,20
1.4552,4,2,21
1.5659,5,2,10
1.3497,2,2,26
1.3917,3,2,35
1.0865,3,2,11
1.9381,2,1,60
1.6771,3,1,65
1.2041,5,1,38
1.0786,1,2,8
1.3714,4,1,19
1.4482,2,2,26
1.4127,3,1,59
0.98119,4,2,3
1.5115,5,2,11
1.2218,1,1,81
1.5014,4,2,18
1.6383,3,1,42
1.2558,5,2,37
1.511,4,2,21
1.1205,3,2,17
1.2192,2,2,30
1.4786,4,1,38
1.1303,2,2,36
0.9483,2,2,33
1.6567,3,1,21
1.2816,3,1,24
1.3363,6,1,27
1.1854,5,1,36
1.4747,3,2,16
1.6303,4,2,21
1.1232,4,1,28
0.98023,5,1,18
1.5461,2,2,49
1.3311,3,2,18
1.3554,4,2,21
0.96382,2,2,38
0.86846,2,2,41
1.1006,3,2,22
1.1754,2,2,44
1.1204,4,2,22
1.2458,1,2,35
1.3583,4,1,36
0.9208,4,1,26
0.84402,3,2,46
1.493,3,2,28
1.6739,4,2,22
1.1139,2,1,58
1.2997,3,1,99
1.8575,4,1,23
0.99382,3,1,77
1.4758,3,1,43
1.6951,5,2,25
1.3572,2,2,55
1.605,3,2,17
1.1894,6,2,6
1.6852,5,1,53
1.3361,5,1,45
1.3412,3,2,36
1.342,5,1,21
0.9723,5,2,4
1.8268,2,2,50
1.8187,1,2,77
1.3869,2,1,98
2.3635,3,2,38
1.7735,2,1,75
1.6212,6,2,15
1.3276,5,2,15
1.4205,2,2,51
2.2727,1,1,94
2.304,5,1,21
1.3978,3,2,41
1.5682,5,2,19
2.5055,6,2,10
0.96933,3,2,45
1.544,3,2,56
1.0391,3,2,53
0.85067,3,2,62
1.0838,2,1,69
1.1249,6,1,20
0.9986,1,1,87
1.134,1,2,79
1.2418,3,1,93
1.4015,6,1,14
1.472,3,1,79
1.1818,2,1,68
1.5487,2,2,55
1.7551,1,1,94
1.545,6,2,16
1.4087,1,2,86
1.5346,2,1,65
1.3429,1,1,93
2.1533,6,2,20
1.422,6,1,46
2.4439,6,1,44
1.487,2,1,57
1.2906,3,1,70
1.2906,1,2,80
1.3846,3,1,64
1.0909,3,1,59
1.3705,3,1,26
1.1431,1,2,89
1.1602,1,1,98
1.8813,3,1,43
2.0518,6,1,37
1.7697,1,2,91
1.3107,1,1,94
1.5313,3,2,27
1.6656,6,1,18
1.364,3,1,39
2.053,3,2,27
1.3563,3,2,39
1.5876,3,1,92
1.4691,3,1,87
1.1768,3,1,83
1.1272,3,1,69
1.7194,3,2,50
1.8388,3,1,77
2.4675,6,2,13
1.7829,6,2,15
1.7854,1,1,89
2.866,3,1,58
1.663,3,1,54
1.739,3,1,52
1.4736,3,2,40
1.1514,1,2,32
2.427,3,2,47
1.7719,3,1,48
1.3077,1,2,37
1.0641,1,2,87
1.0222,1,2,88
1.0228,1,2,89
1.8019,6,2,17
1.1376,3,2,8
1.1904,3,2,28
1.1033,3,2,31
1.1674,3,2,46
1.6799,6,2,19
2.1578,3,2,50
1.3856,3,1,82
1.2679,3,1,80
2.3257,6,1,63
1.4063,3,1,67
1.7471,3,2,61
1.7672,6,1,48
1.2179,3,1,88
1.4643,6,1,44
1.1724,3,1,59
1.5893,3,2,13
2.0576,3,2,26
1.2844,3,2,43
0.98057,3,2,51
1.3143,3,2,55
0.87443,3,2,56
1.0975,3,2,59
1.3346,6,2,33
1.3002,6,1,78
1.7448,6,1,53
1.8677,6,2,25
1.3088,6,1,42
1.0494,6,1,38
1.5628,6,2,26
1.1448,6,1,38
1.3184,6,1,33
1.1363,6,1,31
0.98647,6,2,7
1.1803,6,2,18
1.2901,6,1,32
0.92578,6,2,18
0.97845,6,1,31
1.4504,6,1,30
0.93088,6,2,2
1.0594,6,2,10
1.3519,6,2,14
1.1647,6,2,21
1.2035,6,1,29
1.3828,6,2,19
1.1716,6,1,27
0.93041,6,2,3
0.94413,6,2,21
1.1842,6,2,26
1.1045,6,2,28
1.1576,6,1,67
1.5939,6,2,30
1.0688,6,1,41
1.2234,6,1,38
2.4316,6,1,30
