14.97,6,1,50,1
3.0373,4,1,50,1
2.8521,4,2,10,2
6.7747,2,2,50,1
2.2034,3,1,50,1
2.8507,3,1,80,2
5.368,6,2,13,2
4.835,5,1,50,1
5.606,5,1,93,2
2.5197,4,1,96,3
2.7569,1,2,50,1
2.4772,1,2,28,2
3.3942,3,1,73,3
34.485,3,1,69,4
3.2781,5,1,69,3
17.327,3,2,26,5
2.6959,5,2,13,4
1.623,4,2,16,4
4.3093,3,2,45,6
1.978,4,2,24,5
2.258,2,1,97,2
2.7439,5,2,19,5
1.4482,2,2,51,3
2.4462,5,1,67,6
5.05,2,2,57,4
1.5908,2,1,97,5
4.4455,3,1,67,7
3.1001,4,2,34,6
2.501,2,2,63,6
3.5758,3,2,40,8
3.8768,1,1,87,3
3.4279,6,1,66,3
3.3343,3,2,55,9
2.0213,2,2,87,7
2.9944,4,1,64,7
3.0742,2,1,90,8
2.1912,5,1,27,7
2.6736,2,1,85,9
4.3994,5,2,30,8
1.6356,1,2,66,4
7.3192,6,2,9,4
3.383,5,1,63,9
1.8035,2,1,82,10
4.2739,6,1,53,5
2.1996,2,2,68,11
1.929,4,2,31,8
5.8752,5,2,23,10
3.7345,4,1,49,9
1.2748,2,1,70,12
1.692,2,2,10,13
5.439,6,2,17,6
5.4845,3,1,46,10
7.3577,3,2,19,11
1.6949,3,2,23,12
1.8404,1,2,72,5
3.7307,6,2,51,7
9.2379,2,2,40,14
2.0491,1,2,70,6
2.7744,4,2,39,10
1.4864,3,2,31,13
2.6201,5,2,48,11
1.5773,2,2,55,15
2.7098,5,2,43,12
1.5081,5,2,48,13
2.7668,3,2,44,14
2.4646,4,2,46,11
2.0173,4,2,48,12
1.1375,3,2,47,15
1.3392,4,2,49,13
6.6874,2,1,65,16
1.5428,2,2,21,17
2.4526,2,2,62,18
1.8336,3,1,97,16
6.6142,3,1,62,17
2.6087,6,1,65,8
2.9726,2,2,63,19
2.697,2,2,66,20
2.388,2,1,86,21
3.7278,3,2,49,18
1.7409,1,2,71,7
1.4887,1,2,79,8
3.3439,3,1,69,19
4.7445,3,1,60,20
1.9935,2,2,67,22
2.2275,3,2,54,21
2.5648,1,1,98,9
2.4472,5,2,73,14
4.7123,3,2,68,22
1.6948,5,2,53,15
5.043,3,2,85,23
2.9383,6,2,38,9
2.0992,2,1,83,23
2.77,3,1,93,24
3.2183,5,2,58,16
3.782,2,2,67,24
5.0723,1,1,95,10
2.8119,6,2,62,10
3.0727,3,1,91,25
1.4718,1,1,83,11
1.1353,1,1,73,12
3.1226,5,1,92,17
2.2347,6,1,86,11
3.0053,3,1,69,26
1.3412,1,1,68,13
1.9379,3,2,37,27
1.89,1,2,10,14
3.2711,3,1,77,28
3.1771,2,2,71,25
2.9448,6,1,74,12
2.2132,3,2,63,29
1.9899,3,2,66,30
2.5998,6,1,55,13
2.4127,2,1,81,26
1.9601,6,2,3,14
2.9909,5,2,63,18
1.2434,2,2,73,27
1.4651,2,2,75,28
3.4901,5,1,82,19
2.9312,6,2,28,15
1.3852,2,2,74,29
2.1293,2,2,85,30
1.6545,5,2,76,20
1.2485,6,2,33,16
0.78672,1,2,35,15
1.5464,1,2,51,16
1.4419,1,2,64,17
1.9237,5,2,93,21
3.2526,5,1,99,22
1.6133,5,1,86,23
1.6663,6,2,59,17
1.6351,1,2,65,18
1.234,5,2,48,24
1.4255,1,2,67,19
0.98911,6,2,66,18
1.1108,5,2,64,25
1.3821,1,2,71,20
1.3616,5,2,73,26
1.1391,5,2,78,27
2.2149,1,2,74,21
1.6698,6,1,59,19
2.3852,5,1,81,28
1.4335,5,2,30,29
1.9671,5,2,77,30
2.8554,6,2,14,20
3.03,6,2,48,21
2.4129,1,1,88,22
1.8322,6,1,52,22
1.6308,1,2,78,23
1.4724,1,1,88,24
1.5188,1,2,85,25
2.8992,6,2,57,23
2.6777,6,1,68,24
2.4493,1,2,87,26
1.8368,1,1,95,27
2.4709,6,1,60,25
3.338,6,1,58,26
1.2565,6,1,52,27
3.3808,6,2,30,28
2.0045,1,1,94,28
3.626,6,2,46,29
1.7217,6,2,54,30
1.8118,1,1,91,29
5.123,1,2,86,30
