6.988,3,1,50,1
2.6202,5,1,50,1
2.6908,3,2,42,2
3.1462,5,2,32,2
2.1407,3,2,4,3
4.6009,5,2,47,3
2.0307,2,2,50,1
2.1106,2,2,77,2
4.2065,4,1,50,1
2.456,4,2,55,2
3.0308,4,1,65,3
1.9013,5,2,49,4
2.0358,4,2,61,4
1.7964,4,2,75,5
1.7863,4,2,91,6
14.727,5,1,60,5
2.4562,4,2,85,7
1.3005,2,2,55,3
1.9564,6,1,50,1
2.151,4,2,93,8
1.6363,4,2,96,9
1.4913,6,2,65,2
1.5459,2,2,69,4
0.79611,3,2,62,4
1.8364,4,2,98,10
2.6305,6,2,22,3
2.0908,4,1,99,11
1.8206,4,2,96,12
1.2667,3,2,63,5
2.7056,4,2,99,13
1.3508,2,2,71,5
3.2656,1,2,50,1
4.7825,3,2,88,6
1.5561,3,2,76,7
1.5558,3,2,92,8
3.4665,3,2,88,9
2.3509,5,2,50,6
1.0259,3,2,91,10
1.1006,5,2,54,7
1.1557,2,2,88,6
1.191,3,2,98,11
1.6564,5,2,88,8
1.1114,5,2,89,9
1.1163,2,2,95,7
1.2163,5,2,94,10
1.0556,3,2,97,12
1.8013,2,2,90,8
1.4409,3,2,99,13
1.3061,2,2,91,9
1.6858,6,2,37,4
4.3714,5,2,98,11
1.911,1,2,75,2
1.5164,6,2,81,5
1.9515,5,1,99,12
1.1262,6,2,83,6
1.8618,5,2,95,13
1.7263,1,2,93,3
1.806,5,2,97,14
1.6205,6,2,92,7
3.1265,6,2,96,8
1.741,2,1,99,10
1.9909,2,2,95,11
7.9113,1,2,91,4
1.4856,1,2,97,5
2.0809,2,2,98,12
1.426,2,2,96,13
1.5756,2,1,99,14
1.3408,2,2,97,15
1.2408,6,2,97,9
1.1463,1,2,96,6
1.2756,1,1,99,7
1.4657,1,2,98,8
1.4257,1,1,99,9
1.5156,6,2,96,10
1.8259,6,2,98,11
1.4663,6,1,99,12
