22.359,3,2,50,1
2.6769,2,2,50,1
3.6245,2,2,38,2
3.2272,2,2,56,3
1.6294,5,2,50,1
9.2752,2,2,91,4
1.0471,5,2,34,2
1.0091,1,2,50,1
1.1792,2,1,96,5
0.85964,1,2,43,2
1.094,4,2,50,1
0.68181,1,2,77,3
0.84741,4,2,70,2
0.7996,5,2,51,3
1.0271,4,2,83,3
0.86543,4,2,80,4
0.66162,1,2,53,4
0.58172,2,2,64,6
0.54734,3,2,12,2
1.0191,6,2,50,1
0.68643,2,2,80,7
3.579,4,1,96,5
3.2419,2,2,94,8
0.88154,5,2,86,4
18.061,4,1,94,6
1.0775,3,2,89,3
0.98697,3,1,96,4
0.77387,5,2,68,5
0.69663,3,2,71,5
0.63362,5,2,78,6
0.46703,3,2,72,6
0.54256,5,2,88,7
2.6895,2,2,93,9
1.4026,2,1,98,10
0.77869,4,2,80,7
0.65273,4,2,89,8
7.8106,4,2,91,9
0.6637,5,2,89,8
1.4367,4,1,96,10
1.6339,4,2,92,11
0.96656,4,1,95,12
5.6375,5,1,91,9
1.8798,4,2,93,13
7.6159,3,2,89,7
1.6744,4,1,95,14
20.701,4,2,93,15
1.326,5,1,95,10
2.4994,2,2,93,11
1.1971,1,2,66,5
1.0685,3,2,90,8
3.982,5,1,92,11
0.73737,1,2,80,6
0.83298,5,2,89,12
1.2215,5,2,90,13
4.2032,2,2,94,12
1.177,1,2,89,7
1.0972,3,1,97,9
0.76616,5,2,91,14
6.2465,3,1,95,10
0.68703,3,2,89,11
1.453,3,2,91,12
2.5189,3,1,95,13
0.73698,3,2,94,14
1.5592,6,2,64,2
1.7324,3,2,92,15
1.1571,2,1,96,13
0.71745,6,2,66,3
1.6876,3,2,95,16
1.1772,1,1,95,8
0.77737,1,2,82,9
2.3529,6,2,83,4
2.3325,6,2,90,5
0.87578,6,2,83,6
0.79163,6,2,92,7
4.8601,1,1,97,10
2.9455,6,1,96,8
10.068,6,1,98,9
1.839,1,2,91,11
17.583,1,2,94,12
1.5227,1,2,92,13
6.9658,6,1,95,10
1.853,1,2,95,14
2.5246,1,2,97,15
1.533,6,2,90,11
1.4668,1,1,99,16
11.638,1,2,96,17
1.2066,1,1,99,18
2.2318,6,1,95,12
1.8573,6,1,93,13
1.1085,1,1,97,19
2.4837,6,2,91,14
2.4884,6,1,94,15
1.1263,6,2,91,16
2.6936,6,2,92,17
