6.3148,4,1,50
4.2791,5,2,50
3.5729,2,1,50
2.6901,3,2,50
2.0589,3,2,6
2.6623,2,2,69
1.8877,3,2,63
3.3226,5,1,71
3.1112,1,2,50
1.7779,4,2,60
1.5915,2,2,13
1.9164,3,1,95
2.5382,4,2,13
1.2287,5,2,5
3.4567,1,1,80
1.2304,4,2,77
1.2603,3,2,83
1.3757,5,1,97
1.6775,4,2,84
1.6879,3,2,71
1.3995,2,2,23
3.49,4,1,82
1.3566,2,2,46
2.4972,2,2,52
2.6613,3,2,75
2.6707,3,2,92
2.0617,6,1,50
1.1847,5,2,24
1.3849,3,1,94
1.0744,4,2,8
1.3971,4,2,41
2.7967,5,2,60
2.7853,2,1,81
1.3774,3,1,86
1.6959,4,2,44
2.8608,2,2,55
3.3324,2,2,58
2.0521,3,2,62
1.5889,2,2,62
2.0794,4,2,48
2.4483,1,2,37
2.6691,4,2,55
5.5605,4,2,64
3.8889,2,1,79
2.0927,4,1,84
1.46,3,2,72
1.7423,3,1,86
13.164,5,1,83
1.5425,2,2,69
1.4015,4,2,72
3.0491,3,2,74
3.6599,4,2,76
1.3551,3,1,79
3.5329,2,2,74
3.7961,6,2,19
4.3606,2,2,79
3.5322,5,1,62
2.5449,4,1,82
2.2946,1,1,95
2.4166,2,1,94
2.8162,4,2,79
1.9336,6,1,94
2.1769,1,2,85
6.361,2,1,87
4.5404,4,1,81
2.1708,2,1,81
3.2917,6,1,51
2.8194,2,2,76
1.5227,4,2,33
2.9347,5,1,66
1.7436,5,2,54
1.9094,4,2,55
1.9317,5,2,62
1.7774,5,2,65
2.0594,6,2,33
1.9997,4,2,66
1.7896,2,1,81
2.0704,3,2,11
2.4958,3,2,22
1.5374,3,2,34
1.8039,4,1,72
1.1187,2,2,79
3.9914,3,2,78
2.3551,1,1,90
1.2881,4,2,14
1.5381,1,2,79
1.6336,5,1,81
1.2152,4,2,40
1.5264,3,2,79
2.2021,6,2,21
2.7366,1,1,89
1.3747,1,1,87
3.3469,5,2,77
1.2401,5,1,84
2.0271,1,2,79
1.6881,6,2,22
1.7009,6,1,32
2.0551,6,2,47
2.6052,4,2,64
3.1847,4,2,68
2.6176,4,1,75
2.4917,4,1,73
1.8457,1,2,80
2.9518,3,2,81
2.7783,5,2,77
1.7615,3,1,99
5.7753,4,2,71
1.2245,5,1,80
1.2626,3,1,94
1.2187,3,1,90
5.6078,5,1,79
1.8547,6,1,84
2.6502,1,2,85
2.5631,3,1,86
4.0529,6,2,38
9.7012,3,1,80
1.4993,3,2,4
1.7041,3,1,81
1.6738,3,1,73
1.6842,3,1,74
1.8082,3,2,69
1.855,3,1,73
2.3965,3,2,71
1.842,6,1,67
2.2981,6,1,48
1.1187,6,2,38
2.4149,6,1,48
1.7196,6,2,45
1.3901,6,1,46
0.95098,6,2,38
1.7235,6,2,44
2.2911,6,2,47
1.4657,6,1,76
1.0706,6,1,71
1.1094,6,1,63
2.3498,6,1,60
2.4497,6,1,58
2.7236,6,2,53
1.2398,6,1,85
1.0957,6,1,69
2.354,6,2,51
1.053,6,1,62
2.5906,6,1,60
4.3016,6,2,52
1.5326,6,1,60
6.6879,6,1,57
0.97866,6,1,55
1.2166,6,1,53
