3.897,3,1,50
4.1171,5,1,50
4.6044,2,2,50
2.8439,5,1,66
3.94,5,2,37
1.9635,6,1,50
4.5216,6,1,53
1.8972,5,1,49
2.2542,3,1,76
2.4298,4,1,50
1.8176,3,2,16
2.8293,5,2,39
2.0736,4,2,10
1.6503,2,2,1
3.4681,5,1,40
3.2068,3,1,52
6.0879,3,2,34
1.3725,2,2,16
2.3959,3,2,18
1.0386,2,1,53
1.5845,4,1,81
2.5911,1,1,50
1.6129,3,2,27
2.5909,6,1,32
3.9529,5,1,45
3.7915,5,1,40
1.227,4,1,65
1.5629,3,1,44
3.5678,4,1,54
1.2879,4,1,52
2.4648,1,1,60
1.5608,4,2,12
1.0878,1,1,59
1.699,3,1,42
1.7989,4,2,25
0.97087,2,1,43
3.9403,3,2,39
1.4444,2,2,11
2.7811,5,2,37
1.5253,6,1,33
1.4544,4,2,27
1.2524,2,2,12
1.7106,4,1,51
1.5031,3,2,36
1.1532,1,2,2
1.5979,5,1,39
8.9549,5,1,37
1.9383,2,2,20
1.0484,3,1,40
0.93962,5,2,9
1.1715,3,1,37
1.1984,5,2,19
1.3787,4,2,37
1.6987,4,1,41
0.86814,3,2,4
1.3006,3,1,35
1.0742,5,1,30
0.92765,3,2,13
1.2986,2,2,26
2.4265,2,1,34
0.83627,3,2,17
0.94913,4,2,29
1.1973,2,2,6
1.9831,4,1,31
3.7808,2,1,39
1.3707,1,2,26
1.9144,6,2,26
1.4066,5,2,11
1.2117,2,2,17
1.1122,2,2,18
0.82243,3,2,22
2.6239,5,2,12
3.3595,5,2,20
1.2247,4,1,39
0.88562,2,2,26
0.6869,4,2,17
0.79762,2,2,32
1.5975,1,2,45
2.5037,5,2,21
2.4129,3,2,26
2.1129,2,1,37
0.55966,5,1,28
1.2773,2,1,33
1.1457,4,2,21
0.98795,5,2,11
1.0184,1,1,54
1.0978,2,2,4
0.84875,6,2,9
1.2736,1,1,48
1.3677,3,1,33
1.0329,2,2,26
1.9541,2,2,27
1.132,4,1,31
4.4044,3,1,28
0.92623,5,1,29
0.92219,4,1,25
0.60978,3,2,11
1.2894,1,1,38
1.4518,2,1,30
1.0805,5,2,22
3.2453,3,2,28
0.95114,5,2,26
1.0281,4,2,7
1.1488,5,2,29
1.044,5,2,67
0.97752,4,2,16
0.91273,3,1,32
0.77346,2,2,24
1.2595,2,2,25
0.89653,5,1,54
1.5304,4,2,30
0.99203,4,1,88
1.997,2,2,29
1.008,6,2,19
0.89779,2,2,31
0.92532,1,2,20
0.92096,4,1,72
1.7304,1,2,21
1.5935,2,1,63
1.0689,5,2,19
0.78152,2,1,57
0.88878,1,2,26
2.1503,4,1,56
0.83535,2,1,56
2.032,5,2,37
1.2437,3,2,30
0.85794,4,1,35
1.1185,2,1,47
1.4065,1,1,42
1.7781,6,2,22
0.89553,5,1,62
0.79358,5,1,56
0.76484,5,1,47
1.259,1,2,27
1.128,2,1,43
1.256,4,2,30
3.2495,4,1,31
0.85241,5,1,42
0.93265,5,1,45
5.9293,1,1,40
1.9193,5,2,32
0.81427,5,1,34
0.89644,3,1,48
2.3773,6,1,33
0.55146,2,1,40
0.5198,5,1,12
1.2805,5,2,2
1.5067,2,1,38
1.4303,3,2,35
1.296,3,1,94
1.0685,5,2,16
0.75311,5,1,77
0.93414,6,2,24
0.6615,1,1,33
0.85861,6,2,29
0.90541,3,1,45
0.99262,3,1,42
0.75788,3,1,40
0.79369,5,1,52
0.79715,2,2,30
1.2738,2,2,32
2.6024,3,2,35
1.3818,5,2,32
1.4264,3,2,39
0.97625,3,1,98
3.8336,3,1,67
0.98978,3,1,62
0.93363,1,2,30
1.1515,1,2,38
1.8318,6,2,28
2.3582,6,1,32
0.90483,3,1,41
0.61269,2,1,65
0.59987,2,1,62
1.4351,3,2,35
0.83793,3,1,37
0.89768,1,1,60
1.3276,6,2,30
1.4429,3,1,36
1.0045,3,2,10
0.91656,5,1,99
2.9837,3,2,33
0.78383,5,1,96
2.5906,6,2,29
1.4084,2,1,60
0.8752,1,1,58
0.67814,3,1,36
0.7587,6,2,31
0.56346,2,1,38
0.97378,2,1,35
1.4429,1,1,38
0.9125,3,1,34
0.58423,5,1,73
0.85225,5,2,23
1.2292,1,2,37
3.8812,2,2,32
1.1084,3,2,21
1.1802,3,2,30
1.0231,3,2,34
1.3634,5,2,29
0.9125,2,2,33
1.2204,5,1,49
2.1626,5,2,35
0.74695,5,1,67
1.0138,2,1,75
0.99959,2,1,71
0.65788,5,1,64
0.97837,5,1,43
0.74493,2,1,70
2.2721,2,1,59
1.1748,5,2,33
0.76152,5,1,40
0.93184,2,1,47
0.84709,2,1,43
0.96941,5,2,35
0.85363,5,1,38
0.78875,2,1,35
1.6346,2,1,33
1.1201,5,1,36
