2.0402,5,1,50,1
3.5017,2,1,50,1
1.2145,1,1,50,1
2.1711,1,1,61,2
1.8919,2,1,55,2
1.9635,2,2,11,3
1.6428,2,2,2,4
1.8384,3,1,50,1
2.3103,2,2,31,5
1.3328,5,1,48,2
1.4078,4,1,50,1
2.6578,2,2,33,6
1.2936,2,1,54,7
1.0772,4,1,64,2
1.1024,6,1,50,1
3.2636,1,2,30,3
1.6064,6,1,73,2
1.1706,4,1,37,3
0.93244,2,1,34,8
1.1224,3,1,54,2
2.3594,3,2,16,3
1.1568,5,2,14,3
1.0319,3,1,35,4
1.7937,2,1,32,9
0.99397,5,1,28,4
4.906,4,2,9,4
1.4189,2,1,23,10
3.13,5,2,6,5
1.9647,2,2,13,11
1.7272,4,1,35,5
1.5822,2,2,20,12
1.6494,3,1,22,5
1.7315,5,1,40,6
1.1276,2,1,31,13
1.6292,2,1,27,14
3.2784,1,1,52,4
3.3882,3,1,32,6
1.3572,1,2,13,5
1.7813,2,2,21,15
1.1007,2,2,27,16
1.3537,1,2,25,6
1.824,4,1,12,6
1.395,5,1,31,7
2.7439,2,2,28,17
1.2085,2,1,87,18
1.1215,1,2,39,7
5.0573,4,2,3,7
2.2317,5,1,29,8
1.1478,4,1,26,8
2.0588,5,1,13,9
3.0815,5,2,9,10
1.1222,4,2,12,9
3.7787,5,2,11,11
2.5928,1,2,45,8
1.3896,6,1,63,3
1.5836,5,1,23,12
1.466,4,1,17,10
2.4549,5,1,12,13
2.6881,2,1,72,19
1.4838,5,2,8,14
1.9568,4,2,12,11
2.1395,3,1,29,7
1.9189,5,2,10,15
3.5926,4,1,15,12
1.4868,3,2,6,8
2.9185,2,1,60,20
1.2944,4,2,13,13
2.6199,2,2,37,21
2.1368,2,1,36,22
2.0995,3,1,9,9
5.0021,3,1,15,10
1.2721,6,1,43,4
2.15,5,2,11,16
3.0387,3,2,10,11
2.0042,4,1,20,14
2.2878,4,2,15,15
1.9391,4,2,18,16
1.2322,1,1,40,9
2.4482,4,1,26,17
1.7976,2,2,22,23
1.2547,2,2,24,24
2.2039,3,1,34,12
2.0238,2,2,26,25
2.1895,4,2,16,18
1.5173,1,2,21,10
1.5129,4,1,18,19
1.3636,2,1,36,26
2.2536,2,1,32,27
1.7435,1,2,48,11
2.9583,6,2,9,5
1.3672,2,2,9,28
2.2027,3,2,17,13
1.5274,3,1,72,14
4.391,3,2,29,15
4.2722,3,1,47,16
0.96167,1,1,81,12
1.4039,6,1,20,6
1.3334,2,2,19,29
1.4109,2,1,32,30
1.4216,3,1,30,17
1.0873,6,1,40,7
1.1329,1,1,52,13
6.5492,3,1,20,18
1.609,3,2,16,19
1.4001,1,2,50,14
2.7384,6,1,22,8
2.4302,3,2,18,20
1.4845,1,1,96,15
4.5932,3,1,21,21
3.3107,3,1,19,22
1.3521,6,2,4,9
2.5296,3,2,16,23
1.5065,3,2,20,24
5.2621,3,1,31,25
2.9841,3,1,21,26
2.5592,6,1,12,10
1.4934,1,1,85,16
0.90733,1,1,72,17
0.85169,1,1,65,18
1.6228,6,2,8,11
2.2349,6,1,14,12
2.9862,1,1,63,19
1.4075,1,1,58,20
3.8187,6,2,8,13
2.534,6,2,10,14
1.4288,6,1,14,15
3.478,1,2,49,21
4.2347,6,1,13,16
1.1971,1,2,55,22
1.3554,1,1,92,23
2.2276,6,2,10,17
3.1571,1,1,66,24
6.1814,6,2,11,18
1.8546,1,2,51,25
6.1515,6,1,12,19
1.5628,1,1,59,26
1.2989,1,1,54,27
1.6634,1,2,19,28
1.5025,1,1,54,29
1.1624,1,2,22,30
