6.8045,2,1,50,1
2.4234,3,1,50,1
2.456,1,2,50,1
6.4514,4,1,50,1
1.8756,3,2,13,2
3.1935,3,1,57,3
8.5306,5,2,50,1
1.3788,4,1,79,2
2.9005,2,2,15,2
3.1852,4,1,22,3
1.6284,2,1,96,3
2.8563,4,2,9,4
4.9584,4,1,36,5
1.9209,6,1,50,1
2.7147,4,2,29,6
5.8425,4,2,15,7
1.6259,5,1,97,2
4.1345,3,2,37,4
1.5956,2,1,82,4
2.1497,6,2,9,2
2.3931,2,2,22,5
2.5862,4,1,60,8
3.1202,5,1,79,3
1.7725,1,2,61,2
2.1251,5,1,57,4
4.9986,3,1,46,5
2.8219,2,2,72,6
2.1844,4,2,26,9
1.4619,2,2,47,7
2.4111,4,1,45,10
3.1116,5,2,15,5
2.0469,5,1,44,6
2.5655,5,2,21,7
1.524,4,2,27,11
2.339,4,1,45,12
1.3794,2,1,72,8
1.943,2,2,66,9
3.3151,6,1,71,3
1.9156,5,1,52,8
2.2965,3,2,44,6
1.8305,6,1,57,4
4.6814,5,1,36,9
1.8711,5,2,2,10
2.7268,3,2,38,7
5.669,5,2,25,11
1.9508,3,2,44,8
1.1633,2,2,71,10
5.6273,5,1,43,12
1.713,6,2,11,5
1.5725,6,1,55,6
1.2189,3,2,50,9
1.3678,6,1,14,7
2.1119,4,2,34,13
3.2805,5,1,35,13
1.2478,3,1,76,10
1.6992,3,2,65,11
0.93032,3,1,94,12
2.6923,3,1,58,13
3.3728,3,1,55,14
2.0564,3,2,51,15
1.6633,3,1,57,16
2.2228,6,1,31,8
1.409,5,2,5,14
1.1542,4,1,80,14
0.78469,1,1,79,3
1.768,6,2,24,9
1.0407,1,1,73,4
2.2078,1,1,56,5
1.2579,5,2,35,15
1.7481,3,2,53,17
1.5615,6,1,68,10
1.5968,4,2,45,15
1.2429,3,2,55,18
1.4982,6,1,39,11
1.1642,4,2,84,16
2.0151,4,1,69,17
0.90591,6,2,16,12
1.8151,1,2,53,6
1.5629,4,1,52,18
0.96985,6,1,39,13
0.89647,1,2,65,7
2.3298,4,2,25,19
2.0384,4,1,65,20
1.2739,1,2,86,8
1.2577,4,1,55,21
2.0123,4,2,53,22
1.964,1,2,98,9
1.3296,4,1,80,23
1.4492,4,1,59,24
0.7517,1,2,92,10
1.5236,4,1,53,25
1.5947,6,1,19,14
1.0756,1,2,95,11
4.716,6,1,18,15
1.8982,1,1,99,12
1.3856,6,2,8,16
0.93999,1,2,98,13
2.5956,6,2,18,17
