3.2442,6,1,50,1
1.7843,4,1,50,1
3.6719,4,1,10,2
2.5105,2,1,50,1
3.019,3,1,50,1
2.2571,3,1,80,2
2.2818,6,1,13,2
2.099,5,1,50,1
2.7734,5,1,93,2
1.9146,4,1,48,3
2.0076,1,2,50,1
1.6118,1,2,28,2
1.397,3,1,73,3
1.3127,3,1,69,4
1.8492,5,1,69,3
2.2083,3,1,26,5
1.5431,5,1,13,4
1.1883,4,1,8,4
1.3968,3,1,32,6
1.4192,4,2,2,5
2.9379,4,2,8,6
4.3462,4,1,9,7
1.5983,2,1,97,2
2.7046,5,1,14,5
1.1877,3,1,31,7
1.0967,4,2,3,8
1.2586,5,2,3,6
1.4032,6,1,33,3
2.2378,5,1,8,7
1.631,1,2,87,3
2.9399,5,1,5,8
1.9335,4,1,6,9
1.5992,3,2,6,8
4.638,3,2,5,9
1.1002,4,2,4,10
1.3629,4,2,5,11
1.3393,1,1,53,4
1.6516,2,1,82,3
2.3698,6,1,9,4
2.1134,2,1,68,4
1.8754,5,1,7,9
0.99643,1,2,23,5
1.5475,5,1,6,10
2.5488,2,1,65,5
4.6297,2,1,17,6
4.3351,4,1,7,12
2.3153,5,2,3,11
3.0699,3,1,19,10
2.2718,2,1,43,7
3.9025,3,1,7,11
1.6153,6,2,1,5
2.9787,3,2,6,12
3.2174,2,2,8,8
2.0008,2,1,34,9
2.7377,2,1,14,10
1.9121,1,2,54,6
1.658,5,1,5,12
2.0866,1,2,64,7
1.0576,3,1,18,13
3.5271,2,1,16,11
5.1477,3,1,13,14
1.2035,1,2,62,8
0.9239,3,1,10,15
1.1523,3,1,8,16
1.9334,6,1,6,6
1.7701,2,1,11,12
1.3922,2,2,4,13
2.7439,2,1,12,14
2.4281,6,1,8,7
2.5155,6,2,3,8
1.9018,2,2,5,15
1.7546,2,2,7,16
1.2998,2,2,10,17
1.7189,1,1,97,9
2.8552,1,1,71,10
1.9098,2,2,8,18
6.3615,2,1,10,19
1.6724,6,1,8,9
1.1921,6,2,1,10
2.2231,2,2,9,20
1.8726,6,1,7,11
1.2532,1,1,70,11
1.7977,6,1,6,12
1.2731,1,1,68,12
2.0894,6,2,4,13
4.2234,1,1,65,13
1.9869,1,1,64,14
2.0881,6,2,5,14
