6.2049,2,2,50,1
15.192,4,1,50,1
2.1652,5,1,50,1
4.4481,6,1,50,1
7.4096,3,2,50,1
7.9223,2,2,67,2
2.3492,2,2,58,3
2.6834,6,1,65,2
3.054,3,2,12,2
2.8815,4,2,36,2
2.5232,1,2,50,1
3.4581,2,1,95,4
3.0249,5,2,2,2
5.2624,6,1,26,3
2.9554,4,1,69,3
4.7237,5,1,58,3
3.1336,4,1,68,4
3.2832,4,2,18,5
1.975,2,1,88,5
2.9688,5,1,25,4
1.4941,2,1,76,6
3.9914,3,2,77,3
7.5756,2,2,59,7
9.577,4,1,50,6
2.2103,4,1,46,7
1.5445,1,2,30,2
4.8496,4,1,41,8
1.6087,5,1,39,5
4.0492,4,1,28,9
3.6686,4,1,36,10
1.4572,1,2,61,3
2.6065,6,1,40,4
3.0352,5,1,33,6
12.341,6,1,32,5
1.3441,3,1,97,4
4.123,5,1,14,7
3.2908,4,2,7,11
1.7911,3,1,62,5
3.2403,5,1,23,8
1.5935,4,2,11,12
2.1886,3,2,20,6
2.4945,2,1,82,8
2.7037,3,2,41,7
5.7162,5,1,20,9
1.6705,3,2,69,8
2.8376,5,1,12,10
2.7455,4,2,28,13
3.141,2,2,80,9
2.166,2,2,94,10
4.8112,4,1,32,14
1.7985,3,2,79,9
3.3579,6,1,28,6
2.6154,5,2,10,11
2.4122,1,1,70,4
3.6756,3,1,85,10
2.58,1,2,58,5
7.1671,5,1,4,12
2.148,6,1,20,7
8.5766,3,1,69,11
1.4634,1,2,64,6
8.3127,3,2,34,12
2.1309,4,1,30,15
2.8353,5,1,12,13
7.3877,2,2,87,11
6.014,5,1,11,14
3.8809,3,1,71,13
8.1807,5,2,6,15
2.2652,2,1,99,12
1.4115,3,2,50,14
2.5957,3,2,68,15
2.4272,5,1,37,16
2.6567,6,2,14,8
2.3118,2,1,94,13
2.076,3,1,69,16
2.8122,2,1,90,14
6.2984,5,1,28,17
1.5197,2,2,78,15
3.5176,1,2,96,7
2.0553,1,2,66,8
1.797,5,1,6,18
1.8323,6,1,20,9
4.3584,2,1,87,16
8.2531,6,2,2,10
2.258,2,2,50,17
1.9601,1,2,81,9
3.8411,2,2,54,18
6.0792,6,1,20,11
3.5683,2,2,88,19
5.0763,2,1,95,20
4.8253,2,2,91,21
3.3721,2,2,89,22
2.591,2,2,92,23
4.2383,2,2,95,24
2.3806,1,2,94,10
2.1704,2,1,98,25
2.2986,2,1,93,26
3.5196,6,1,14,12
4.1314,2,2,13,27
1.3446,2,2,19,28
4.25,6,1,19,13
2.5632,2,2,21,29
6.6042,6,1,15,14
2.9327,6,1,14,15
2.2266,2,1,78,30
2.6769,1,2,95,11
2.5575,6,2,2,16
2.9904,1,2,98,12
1.8362,1,2,97,13
4.2525,1,1,98,14
5.4046,6,1,13,17
2.4597,6,1,5,18
2.3123,6,2,1,19
2.2113,6,2,4,20
2.3458,6,1,6,21
