9.0877,6,2,50,1
6.6251,4,2,50,1
4.5505,4,2,10,2
4.6587,2,2,50,1
4.3647,3,2,50,1
5.5384,3,2,80,2
4.2333,6,2,13,2
4.3014,5,2,50,1
9.9506,5,2,93,2
5.1653,4,2,96,3
4.1915,1,2,50,1
3.3937,1,2,28,2
5.4102,3,2,96,3
11.232,3,1,99,4
4.1137,5,2,87,3
4.5018,3,2,88,5
7.608,5,2,89,4
3.5666,4,2,59,4
4.2836,3,1,96,6
2.3582,4,2,66,5
6.5616,2,1,97,2
2.8746,5,1,92,5
3.5166,2,2,51,3
3.5263,5,1,96,6
2.4914,2,2,57,4
2.4865,2,1,97,5
2.4709,3,1,99,7
2.992,4,2,74,6
2.4236,2,2,63,6
2.8327,3,1,92,8
3.0828,1,2,87,3
3.4362,6,2,70,3
4.5526,3,2,55,9
2.1881,5,2,24,7
2.7972,2,2,87,7
2.2549,4,2,88,7
2.7051,3,2,69,10
2.6218,6,2,56,4
3.8406,4,1,96,8
3.1588,2,2,83,8
1.9853,5,2,46,8
2.0365,1,2,77,4
4.0746,5,2,87,9
2.9575,2,1,96,9
2.7151,2,2,87,10
5.0504,4,2,89,9
2.0649,4,1,91,10
4.9405,3,2,71,11
2.3436,2,1,96,11
2.7037,3,2,73,12
3.7155,6,2,63,5
3.0852,3,2,74,13
2.3269,2,2,89,12
2.4661,2,1,94,13
2.0153,2,1,91,14
2.9287,4,2,34,11
3.1206,3,1,94,14
2.7536,1,2,86,5
1.9075,5,1,91,10
2.7226,4,2,38,12
2.863,2,1,94,15
3.0226,3,1,90,15
2.5727,1,2,88,6
2.116,3,2,58,16
3.8139,3,2,73,17
2.3517,5,2,60,11
2.9194,3,2,83,18
2.1662,3,1,90,19
3.3979,4,2,55,13
3.9352,3,2,89,20
1.6462,2,1,92,16
1.6118,2,1,91,17
2.1992,6,2,81,6
1.6409,6,2,83,7
1.8645,2,2,88,18
2.5237,2,2,89,19
2.3349,5,2,85,12
3.0859,4,2,79,14
4.0482,5,2,87,13
2.8783,4,2,80,15
1.7865,6,2,89,8
2.506,4,2,84,16
2.75,6,1,92,9
2.7175,6,2,84,10
3.0412,4,1,92,17
2.6171,4,2,85,18
2.5413,5,1,92,14
2.2599,4,2,88,19
2.2898,5,1,91,15
3.1149,6,1,97,11
1.9589,5,2,89,16
1.5582,4,2,89,20
2.5395,1,1,99,7
3.8694,6,1,92,12
2.8092,1,2,93,8
1.5889,1,1,96,9
1.4039,4,1,90,21
3.1187,4,2,47,22
4.499,1,2,94,10
1.7552,1,1,95,11
1.5638,4,2,82,23
1.9939,1,2,94,12
1.9938,6,1,90,13
3.3856,4,2,88,24
1.7834,6,1,91,14
2.385,4,1,91,25
2.0282,4,1,90,26
2.865,6,2,86,15
2.2125,6,2,87,16
3.3296,6,2,88,17
2.1755,6,1,90,18
