2.3134,6,2,50,1
1.4761,4,2,50,1
3.1752,4,2,10,2
1.0708,2,2,50,1
0.83133,3,2,50,1
1.2574,3,2,80,2
1.2551,6,2,13,2
1.1878,5,2,50,1
3.6963,5,1,93,2
1.6937,4,1,96,3
0.708,1,2,50,1
0.99429,1,2,28,2
0.8239,3,2,96,3
1.5135,3,1,99,4
0.89466,5,2,74,3
0.84101,3,2,88,5
0.63381,5,2,59,4
0.71828,4,2,25,4
1.0795,3,2,96,6
1.2998,2,2,97,2
0.65891,4,2,37,5
0.75873,6,2,70,3
0.59407,2,2,88,3
1.5853,2,2,91,4
0.58302,6,2,77,4
0.86849,2,1,98,5
0.69696,3,1,97,7
1.582,4,2,81,6
0.74351,5,2,70,5
1.5387,4,1,96,7
0.82619,4,2,53,8
0.88799,2,2,97,6
0.60898,1,2,87,3
0.94816,5,2,93,6
0.75446,2,1,99,7
1.1174,4,2,87,9
1.5163,3,1,98,8
0.67741,6,2,80,5
1.1742,4,2,91,10
0.50825,6,2,81,6
0.71198,5,2,82,7
0.80833,5,1,98,8
0.85985,5,2,89,9
3.8855,5,2,94,10
1.6579,4,2,96,11
0.50878,1,2,67,4
0.80958,6,2,80,7
0.73786,5,2,97,11
10.563,1,2,97,5
3.8697,6,2,87,8
1.3578,5,2,96,12
2.2018,5,1,97,13
1.4016,4,2,93,12
4.2327,4,2,94,13
0.52343,1,2,89,6
1.0067,6,2,92,9
0.93506,6,1,98,10
2.2508,6,2,93,11
0.83084,1,1,99,7
1.4786,1,2,92,8
4.9162,6,1,96,12
2.8088,6,1,95,13
2.9908,6,1,92,14
0.98855,6,2,76,15
1.3945,1,1,99,9
6.2675,6,2,93,16
2.4434,1,2,97,10
2.1946,6,1,97,17
2.1866,6,1,96,18
4.088,6,1,95,19
1.4441,6,2,93,20
