2.0879,1,2,50,1
2.86,3,2,50,1
1.4017,3,2,55,2
2.0454,5,2,50,1
1.562,4,2,50,1
3.5042,2,2,50,1
2.0849,4,2,67,2
1.0751,2,2,17,2
11.191,6,2,50,1
1.3301,4,1,94,3
1.1107,3,1,99,3
2.4216,4,2,69,4
2.812,4,2,74,5
1.0247,4,2,77,6
2.5189,6,2,16,2
3.1295,4,2,81,7
1.2854,5,2,67,2
0.91087,4,2,79,8
0.84437,2,2,48,3
2.0057,1,2,74,2
0.83689,4,2,88,9
0.77148,1,2,80,3
1.3392,4,1,94,10
1.1508,5,2,91,3
0.72033,3,2,74,4
1.1336,5,1,99,4
0.90791,2,2,57,4
0.69129,3,2,60,5
0.81927,5,2,81,5
2.7348,4,1,90,11
0.84777,4,1,93,12
1.8171,4,2,84,13
0.91472,2,2,58,5
0.79735,3,2,81,6
0.64835,1,2,76,4
0.60833,6,2,77,3
0.98838,3,1,94,7
1.0264,3,2,86,8
1.5384,1,2,90,5
1.1191,3,1,95,9
3.383,4,2,85,14
1.8619,2,2,86,6
1.5046,5,1,91,6
4.3896,1,2,84,6
1.9677,4,2,87,15
1.124,4,1,90,16
1.454,6,2,50,4
3.7805,2,2,97,7
4.3672,3,2,83,10
2.353,5,2,84,7
1.7602,3,2,89,11
2.3507,2,2,88,8
3.0886,4,1,89,17
1.2456,3,1,94,12
2.1292,4,1,90,18
2.3307,4,1,88,19
2.8392,5,1,89,8
2.131,2,1,95,9
2.0794,1,2,93,7
1.5108,3,2,87,13
2.2002,5,2,48,9
1.252,2,2,11,10
3.5476,1,2,94,8
1.8691,5,1,88,10
1.88,5,2,43,11
1.3761,2,2,23,11
2.1728,1,1,97,9
3.4773,3,1,92,14
1.5623,3,1,90,15
1.5402,1,1,98,10
1.8117,2,2,68,12
3.4366,3,1,91,16
8.2396,3,2,89,17
1.1668,5,2,67,12
1.0867,5,2,75,13
1.1198,5,2,88,14
1.1766,2,2,74,13
2.7729,2,1,96,14
5.9927,1,2,95,11
2.2786,2,2,78,15
2.2451,1,2,94,12
1.869,6,2,60,5
5.3803,6,2,88,6
2.0766,6,2,77,7
6.3348,2,2,87,16
1.0779,2,2,91,17
0.89216,6,2,89,8
1.3093,6,1,97,9
12.836,2,2,94,18
5.7936,1,2,97,13
1.4348,1,2,96,14
1.2981,6,1,95,10
2.4557,6,1,89,11
3.1327,6,1,93,12
1.0793,6,1,92,13
3.8042,6,1,89,14
