4.6148,4,1,50
3.3895,4,2,16
4.8515,5,1,50
2.4875,3,1,50
1.6773,3,1,78
5.3532,5,1,36
3.0463,3,1,54
2.1619,1,2,50
1.5168,1,2,23
4.4878,4,1,43
1.6438,4,2,25
3.9086,4,2,20
1.614,2,1,50
1.6063,5,1,35
1.9545,5,2,22
1.9941,2,2,2
1.9354,4,2,22
2.0843,6,1,50
1.4438,2,1,52
1.3836,4,1,43
2.3872,4,1,38
1.4239,6,1,99
1.2055,6,1,58
1.096,5,2,4
3.0436,4,2,33
4.2241,4,2,32
1.5329,2,2,5
3.5747,3,2,32
1.244,3,1,45
2.0166,2,2,24
1.3693,2,2,9
1.469,2,2,22
1.817,2,2,37
4.0124,3,2,18
5.2984,2,1,46
0.92369,2,2,28
1.8502,6,1,38
1.7437,3,2,25
3.081,2,2,31
2.6674,2,2,32
2.9603,6,1,47
1.1752,4,1,42
1.2546,4,1,39
0.9579,2,1,49
4.3742,5,1,21
1.9374,4,1,34
1.1076,4,1,37
1.7004,3,1,34
2.0476,4,1,34
1.0438,2,1,38
2.3754,3,1,43
1.1797,1,1,90
1.2541,2,1,37
2.7445,6,1,36
3.785,2,2,33
1.5849,1,2,66
1.7248,3,1,32
3.4458,5,2,14
2.2428,5,1,30
4.0734,3,2,28
2.0681,2,1,35
1.4705,2,2,25
5.1721,6,1,31
4.2974,1,1,85
2.3288,6,1,33
7.4593,5,2,24
1.4601,3,2,29
3.3801,1,2,77
2.1865,6,2,2
4.1582,3,2,32
2.8883,2,2,31
1.7465,2,2,32
2.493,1,1,90
2.8461,2,2,34
3.8579,1,1,80
2.3161,2,2,35
2.3824,6,2,6
3.668,5,1,72
0.93409,1,1,75
5.7041,6,1,28
5.7526,5,1,33
1.3572,1,2,20
1.5378,1,2,39
7.6566,5,2,26
1.4076,5,1,89
2.5957,6,2,22
1.4791,5,2,31
2.2735,1,2,69
3.1523,6,1,24
1.522,5,1,93
3.1683,5,1,39
1.0815,6,2,7
2.8756,1,2,78
2.5464,5,1,35
2.8491,5,1,29
2.8167,6,2,19
1.9075,5,1,27
1.656,5,1,29
1.3071,5,2,6
1.2689,5,2,16
1.3339,6,2,20
1.2963,5,2,21
1.76,6,2,22
1.4871,6,2,27
1.6749,5,2,29
1.9692,6,1,59
1.1912,6,1,58
6.4956,6,1,26
2.9275,5,1,68
1.7279,5,2,28
1.5199,6,2,15
2.741,5,1,47
1.318,5,1,43
0.92597,6,2,20
1.1101,5,1,41
1.0514,1,1,95
2.5378,1,1,79
1.5703,1,1,78
1.2218,1,1,76
3.2624,5,1,40
1.7186,1,1,57
2.2311,5,2,33
1.3855,5,1,90
3.8551,6,2,25
1.2977,5,1,50
4.3738,5,1,41
4.1846,5,1,34
1.2876,1,2,4
4.33,5,2,30
3.1768,5,2,32
1.4061,1,2,48
0.80273,1,2,75
1.755,1,1,95
2.0572,1,1,85
1.7119,1,2,66
2.6656,1,1,80
1.7417,1,2,74
4.0288,1,1,78
2.1765,1,2,76
1.1591,1,1,90
2.695,1,1,78
1.2213,1,1,77
