16.447,4,2,50,1
8.4122,2,2,50,1
3.868,3,2,50,1
5.716,3,1,80,2
15.526,6,2,50,1
3.8881,5,2,50,1
5.1627,5,1,93,2
2.9228,4,1,96,2
2.6831,1,2,50,1
2.8207,1,2,28,2
2.692,3,1,92,3
2.9872,3,1,87,4
4.4558,5,1,74,3
3.2637,3,2,33,5
2.3749,5,2,17,4
2.4675,4,2,17,3
1.4001,3,2,68,6
3.706,4,2,30,4
4.665,2,1,97,2
1.4422,5,2,38,5
1.5951,2,2,51,3
2.1483,5,1,91,6
1.3528,2,2,57,4
2.5858,2,1,97,5
2.8164,3,1,86,7
1.6583,4,2,46,5
1.8799,2,2,63,6
1.609,3,2,63,8
2.9416,1,1,87,3
2.7476,6,2,66,2
2.371,3,1,76,9
2.8721,2,1,87,7
5.465,4,1,76,6
3.8401,2,1,89,8
1.8454,5,2,51,7
2.7412,2,1,78,9
2.8097,5,2,68,8
5.6198,1,2,66,4
6.3387,6,2,56,3
7.1966,5,2,73,9
2.7467,2,1,84,10
2.0743,6,1,90,4
2.329,2,2,79,11
2.8802,4,2,54,7
4.0589,5,2,70,10
6.3651,4,1,75,8
4.7155,2,2,68,12
9.3259,2,2,72,13
7.4393,6,2,64,5
3.4809,3,2,63,10
2.5977,3,2,69,11
4.0689,2,1,84,14
3.5499,2,1,77,15
2.7454,4,2,60,9
5.71,3,1,77,12
3.1224,1,2,72,5
6.7921,4,2,55,10
4.1358,2,2,74,16
2.7507,4,2,64,11
5.0907,4,2,63,12
1.7177,6,1,98,6
2.8658,3,1,75,13
3.631,4,2,73,13
6.8257,5,1,83,11
4.7182,5,1,78,12
1.8526,6,1,90,7
6.4766,4,2,70,14
2.6908,3,2,72,14
5.3317,2,1,78,17
16.359,2,2,75,18
3.7041,6,1,87,8
1.9556,6,1,75,9
6.2648,2,1,76,19
4.323,4,1,74,15
2.9588,5,1,74,13
2.3351,2,2,20,20
5.5099,4,2,71,16
2.8951,1,1,88,6
9.7749,3,2,71,15
2.5927,3,2,74,16
3.4261,4,1,72,17
2.2275,4,2,17,18
8.3647,3,1,76,17
3.928,6,1,87,10
1.6538,2,2,38,21
2.7,2,2,51,22
2.3754,4,2,56,19
7.0521,5,1,71,14
13.65,3,2,72,18
1.9547,1,2,86,7
5.0704,3,2,75,19
2.3871,4,2,65,20
1.6867,5,2,67,15
3.9471,2,2,70,23
1.7152,2,2,76,24
3.3206,5,1,71,16
3.7746,1,1,84,8
2.5679,1,2,59,9
5.5535,5,2,69,17
15.069,4,2,71,21
2.3115,4,2,73,22
2.3095,1,2,74,10
1.6905,1,2,76,11
1.6286,4,1,94,23
3.4472,1,2,80,12
5.1477,6,1,82,11
14.158,4,1,86,24
1.8686,6,1,81,12
2.5489,4,1,85,25
2.8285,4,1,79,26
5.2166,6,2,69,13
4.8338,4,2,73,27
4.7385,6,2,66,14
3.3305,4,2,74,28
4.1765,4,2,83,29
2.4075,4,2,80,30
5.0585,6,2,68,15
2.9668,6,1,77,16
1.8124,1,2,87,13
4.1865,1,1,91,14
1.7001,1,1,88,15
2.2607,6,1,76,17
17.462,1,2,84,16
3.3747,6,1,72,18
2.733,1,1,85,17
5.2379,1,2,22,18
3.9634,6,1,75,19
2.2828,1,2,61,19
5.6525,6,2,68,20
6.8259,1,2,66,20
10.401,6,1,70,21
3.7208,6,1,69,22
3.1305,1,2,78,21
3.2614,1,1,82,22
1.4519,1,2,45,23
2.3664,1,2,75,24
1.3859,1,2,78,25
1.0742,1,2,79,26
1.0176,1,2,84,27
1.8974,1,1,98,28
2.7956,1,1,92,29
5.4634,1,1,83,30
