2.6311,4,1,50,1
4.3416,6,1,50,1
2.3114,6,1,77,2
4.1765,2,1,50,1
2.3406,5,1,50,1
2.6013,4,1,73,2
4.4513,3,1,50,1
4.6461,2,1,86,2
4.6707,2,1,11,3
3.0411,4,1,2,3
2.3915,4,1,14,4
2.8257,3,1,5,2
3.3712,5,1,21,2
2.0385,2,1,9,4
2.1206,3,1,6,3
5.4283,1,2,50,1
1.7277,2,1,6,5
2.3461,6,1,45,3
2.5264,1,2,11,2
2.0784,6,1,36,4
1.5464,4,1,7,5
1.9657,2,1,5,6
1.811,2,1,6,7
4.2829,4,1,1,6
2.7561,5,1,44,3
1.8634,3,1,1,4
1.5808,2,1,2,8
2.0465,5,1,25,4
1.5964,5,1,3,5
1.7613,3,1,2,5
1.7867,5,1,21,6
2.056,2,1,3,9
2.1424,2,1,1,10
1.7153,6,1,39,5
1.9316,6,1,26,6
1.7313,5,1,17,7
1.4064,5,1,10,8
4.6963,1,1,88,3
1.5464,5,1,1,9
11.581,1,1,50,4
1.7257,5,1,3,10
4.2063,1,2,34,5
1.3512,5,1,2,11
5.1507,1,1,76,6
3.6218,1,2,36,7
3.7159,1,1,67,8
1.2359,6,1,4,7
1.8756,6,1,18,8
3.8506,1,2,38,9
2.4145,1,1,60,10
2.3056,6,1,16,9
1.301,6,1,7,10
2.9308,1,2,47,11
3.826,1,1,56,12
10.922,1,1,50,13
7.7312,1,2,47,14
3.7116,1,2,48,15
1.2905,6,1,1,11
1.4842,6,1,2,12
