4.1233,6,1,50,1
5.6962,4,2,50,1
3.0025,4,2,10,2
3.2211,2,2,50,1
4.7911,3,2,50,1
2.5656,3,1,80,2
2.9459,6,2,13,2
5.1313,5,1,50,1
8.1109,5,1,93,2
1.5964,4,1,96,3
7.1665,1,2,50,1
2.1264,1,2,28,2
1.7909,3,1,92,3
2.0858,3,1,87,4
4.8707,5,1,69,3
2.7415,3,2,33,5
7.5286,5,2,13,4
1.676,4,2,25,4
4.5558,3,1,68,6
2.5512,4,2,37,5
4.4814,2,1,97,2
1.0108,5,2,19,5
1.8015,2,2,51,3
2.3557,5,1,67,6
8.3461,2,2,57,4
3.7208,2,1,97,5
4.5358,3,1,78,7
2.9164,4,2,51,6
9.4064,2,2,63,6
2.1359,3,2,49,8
2.916,1,2,87,3
2.9573,6,1,66,3
6.3164,3,2,65,9
5.5513,2,2,87,7
3.1215,4,1,77,7
2.6007,2,1,90,8
1.3107,5,2,27,7
6.2519,2,2,85,9
3.3661,5,2,41,8
1.6464,1,2,77,4
3.6785,6,2,9,4
1.3859,5,2,49,9
1.7812,2,1,96,10
5.0865,6,2,53,5
7.526,2,1,94,11
2.8261,4,2,58,8
1.8657,5,2,43,10
2.3863,4,1,76,9
5.8265,2,2,86,12
2.026,2,2,87,13
3.981,6,2,29,6
3.9813,3,2,50,10
5.6008,3,2,59,11
6.6413,3,2,61,12
2.8109,1,2,87,5
2.5362,6,1,96,7
4.3264,2,1,90,14
3.9612,1,2,89,6
13.612,4,1,61,10
2.1558,3,1,65,13
5.3061,2,1,88,15
7.4466,3,1,63,14
3.9008,1,2,88,7
5.3116,3,2,41,15
1.8358,3,2,51,16
1.4457,5,2,58,11
1.8214,3,2,58,17
2.3609,3,2,64,18
3.961,4,1,69,11
1.6157,2,2,89,16
2.4464,2,1,91,17
1.5663,2,1,90,18
1.6506,3,1,98,19
1.8114,3,1,74,20
1.7257,6,1,68,8
3.1456,2,1,88,19
2.3325,2,2,36,20
4.8814,2,2,68,21
7.9216,3,2,65,21
1.9706,1,1,99,8
8.1968,1,2,91,9
1.9809,3,2,79,22
12.162,3,1,85,23
4.5062,4,1,62,12
18.632,4,2,54,13
2.7959,3,1,84,24
12.797,6,2,46,9
2.0307,2,2,70,22
1.4514,2,2,76,23
5.0463,4,1,59,14
2.0912,5,1,90,12
3.6264,3,1,66,25
2.2515,1,1,99,10
1.9257,3,2,55,26
2.4561,4,2,57,15
2.1862,4,2,60,16
1.8909,5,1,86,13
2.8112,2,1,85,24
8.2515,4,1,66,17
1.9207,4,1,62,18
3.0807,4,2,58,19
8.5414,5,2,50,14
6.4064,4,2,61,20
9.4817,5,2,55,15
1.7259,5,2,69,16
2.0413,2,1,86,25
1.9313,5,1,62,17
0.83105,4,1,99,21
6.0614,4,1,76,22
7.9811,1,1,96,11
4.6057,2,2,34,26
3.3656,3,1,77,27
1.8911,6,1,64,10
1.5459,2,2,53,27
3.7406,6,2,47,11
5.8312,3,1,62,28
3.5013,4,2,65,23
2.8214,2,2,67,28
5.4108,2,2,69,29
1.5655,5,2,4,18
2.2714,3,2,46,29
5.9564,2,2,70,30
1.7714,4,1,88,24
1.1906,3,2,55,30
7.0162,4,1,71,25
2.5409,4,1,63,26
1.7557,4,2,16,27
9.6067,6,1,54,12
1.5561,4,2,29,28
3.2558,5,2,47,19
2.0559,4,2,33,29
2.6965,1,1,99,12
5.8859,4,2,34,30
5.2665,1,1,95,13
6.0164,5,2,65,20
1.8258,5,1,89,21
2.0707,5,1,73,22
2.5511,6,2,52,13
5.9414,1,2,89,14
7.3014,5,1,68,23
2.0362,1,2,91,15
9.9577,1,1,94,16
23.079,5,2,64,24
2.8212,1,2,93,17
0.99604,5,2,65,25
0.99085,5,2,66,26
1.6407,1,1,92,18
1.9958,5,1,72,27
1.2909,5,1,67,28
2.0761,1,2,54,19
1.0507,1,2,70,20
2.7063,1,2,83,21
2.5706,1,2,91,22
3.2659,1,2,92,23
