4.796,6,2,50,1
6.5276,4,2,50,1
1.9239,4,2,10,2
2.164,2,2,50,1
1.125,3,2,50,1
3.4882,3,2,80,2
2.5957,6,2,13,2
1.6003,5,2,50,1
1.8039,5,2,93,2
1.3375,4,2,96,3
1.9419,1,2,50,1
1.4444,1,2,28,2
2.7747,3,1,96,3
1.9548,3,1,98,4
1.421,5,1,87,3
1.9893,3,2,68,5
1.2704,5,2,19,4
2.1754,4,2,59,4
2.1649,3,1,87,6
2.1122,4,2,66,5
1.6639,2,1,97,2
1.0756,5,2,41,5
1.8895,2,2,51,3
0.98472,5,2,98,6
0.86468,2,2,57,4
0.88589,2,2,97,5
0.7861,3,2,95,7
0.69606,4,2,74,6
0.80971,2,2,68,6
0.64582,3,2,87,8
1.1211,1,1,87,3
0.97078,6,1,70,3
1.3885,3,1,94,9
1.988,2,1,92,7
0.86748,4,1,88,7
1.6846,2,2,77,8
1.1085,5,1,90,7
1.2595,2,1,90,9
1.0464,5,2,44,8
1.2617,1,2,66,4
0.79989,6,2,24,4
0.7249,5,2,73,9
0.84455,2,1,84,10
0.7936,6,1,83,5
1.1187,2,2,72,11
0.72133,4,2,17,8
0.94692,5,2,75,10
1.0572,4,2,63,9
1.1217,2,2,74,12
1.2134,2,2,76,13
0.80031,6,2,35,6
1.2063,3,2,1,10
0.97701,3,2,33,11
0.83198,3,2,40,12
1.6518,1,2,72,5
1.3591,6,1,80,7
1.5861,2,2,82,14
1.2968,1,2,70,6
0.94697,4,2,78,10
1.1389,3,2,53,13
3.7237,5,2,89,11
0.80332,2,2,85,15
0.95542,5,1,91,12
0.85671,6,2,61,8
0.88178,3,2,76,14
0.79767,4,2,94,11
1.0228,4,1,98,12
4.2054,4,1,92,13
0.80949,4,2,33,14
0.77793,2,1,90,16
0.77409,2,2,86,17
0.5824,2,1,98,18
0.97582,3,1,84,15
1.7409,3,2,29,16
1.0511,6,2,73,9
0.84541,2,2,87,19
0.91262,2,1,92,20
2.0642,2,1,90,21
0.64519,3,2,41,17
0.57598,1,2,71,7
0.7755,1,2,79,8
0.60423,3,2,63,18
0.83957,3,2,81,19
0.63494,4,2,71,15
0.58126,4,2,76,16
0.76487,3,1,94,20
2.2482,6,2,78,10
0.66418,2,2,86,22
0.5765,2,2,87,23
0.99404,4,2,88,17
1.0511,6,1,94,11
1.2015,4,1,91,18
1.9192,4,2,18,19
1.446,4,2,54,20
0.95277,4,2,77,21
1.0286,1,1,98,9
0.96722,6,1,92,12
2.4532,3,1,81,21
2.568,1,1,85,10
1.3917,1,1,73,11
1.0757,2,1,89,24
1.4783,4,1,80,22
1.5732,3,2,5,22
1.3071,1,2,70,12
0.81278,3,2,39,23
0.73529,1,2,72,13
1.0635,3,2,76,24
1.1324,3,2,81,25
1.7097,3,1,84,26
2.0034,3,1,82,27
2.092,6,1,87,13
1.8038,4,1,89,23
1.971,6,2,74,14
2.6578,4,2,84,24
2.6747,4,2,91,25
0.85277,6,2,78,15
0.75382,4,2,87,26
1.2989,6,2,80,16
2.2977,4,1,98,27
2.0476,4,1,91,28
2.2712,4,1,88,29
2.652,4,2,23,30
0.98461,6,2,81,17
0.98679,6,2,95,18
0.82175,1,2,77,14
0.85262,1,2,84,15
1.1564,1,2,91,16
1.2909,6,1,98,19
3.3406,1,2,85,17
2.1741,6,1,90,20
1.3852,1,1,89,18
0.89485,1,2,23,19
1.257,6,2,61,21
1.4507,1,2,64,20
4.7036,6,2,77,22
0.97774,1,1,69,21
1.6221,6,1,82,23
1.2183,6,2,19,24
1.7781,6,2,65,25
1.8713,1,1,51,22
1.9699,6,1,70,26
0.88376,1,2,28,23
1.9627,1,2,50,24
5.6645,1,2,64,25
1.311,6,1,80,27
3.5539,6,2,26,28
3.0941,1,2,67,26
2.8328,1,1,68,27
1.8624,6,2,54,29
1.5619,6,1,72,30
1.4696,1,2,67,28
