9.4536,6,1,50,1
2.6383,4,2,50,1
6.0839,4,2,10,2
2.7235,2,2,50,1
1.8448,3,2,50,1
3.6542,3,1,80,2
4.7548,6,2,13,2
4.161,5,1,50,1
2.0598,5,1,93,2
2.8746,4,1,96,3
2.3021,1,2,50,1
1.9315,1,2,28,2
2.4591,3,1,92,3
1.2857,3,1,87,4
2.5325,5,1,69,3
3.0543,3,2,33,5
2.2447,5,2,13,4
2.2526,4,2,25,4
3.1507,3,2,68,6
2.0427,4,2,37,5
2.1203,2,1,97,2
1.9882,5,2,19,5
3.6716,2,2,51,3
2.5706,5,1,67,6
2.1694,2,2,57,4
1.7137,2,1,97,5
2.5341,3,1,86,7
2.6532,4,2,51,6
2.4942,2,2,63,6
3.7748,3,2,63,8
2.2392,1,1,87,3
2.1648,6,1,66,3
3.1679,3,1,76,9
2.8408,2,1,87,7
1.7679,4,1,77,7
5.0935,2,1,89,8
1.3989,5,2,27,7
2.7908,2,2,78,9
3.1423,5,2,41,8
1.6479,1,2,66,4
3.0996,6,2,9,4
4.0896,5,2,49,9
3.7007,2,1,87,10
6.8616,6,1,53,5
4.6344,2,1,82,11
2.1923,4,2,58,8
1.7941,5,2,43,10
2.2295,4,1,76,9
2.0998,2,2,66,12
2.5397,2,2,69,13
3.846,6,1,17,6
4.8469,3,2,63,10
1.6597,3,1,69,11
2.7454,3,2,64,12
5.553,1,2,72,5
4.9954,6,1,48,7
4.9145,2,1,77,14
1.8434,1,1,70,6
3.4306,4,2,61,10
8.0467,3,2,67,13
2.7398,5,2,58,11
3.1234,2,2,29,15
1.965,5,2,59,12
2.8537,5,1,61,13
2.6465,3,1,72,14
2.4448,4,1,72,11
2.1249,4,1,73,12
2.0696,4,2,64,13
3.0653,5,2,59,14
1.9316,4,2,65,14
3.369,3,1,69,15
3.9521,2,2,49,16
4.6973,2,1,77,17
1.8207,6,1,31,8
3.9025,6,2,18,9
1.9793,2,2,54,18
1.5916,4,2,69,15
2.3288,2,2,60,19
2.5606,4,2,67,16
2.6653,1,2,4,7
2.6098,4,2,68,17
3.0013,6,1,98,10
3.3903,2,2,62,20
1.9456,4,1,69,18
2.8351,6,1,59,11
7.0429,6,2,15,12
4.8263,2,2,69,21
3.1889,2,1,72,22
1.4442,4,1,70,19
3.498,6,1,50,13
5.1205,2,2,56,23
6.6336,6,2,46,14
2.4446,2,2,57,24
1.8696,1,2,81,8
3.3645,6,1,68,15
3.389,1,1,85,9
3.0235,1,2,80,10
1.319,2,2,62,25
1.9999,6,1,54,16
2.8747,1,1,83,11
1.5061,1,2,80,12
2.093,2,2,72,26
2.6687,6,2,41,17
1.6914,2,2,74,27
1.8974,6,2,43,18
3.628,2,1,86,28
2.5254,6,2,53,19
5.209,2,2,78,29
11.602,2,1,77,30
3.0581,6,1,69,20
3.7634,6,1,50,21
2.4328,6,2,39,22
2.2493,1,2,81,13
2.5711,6,1,51,23
3.7391,6,2,45,24
3.4085,6,1,49,25
2.3606,6,2,23,26
1.4828,6,2,30,27
1.6015,6,2,34,28
4.9286,6,2,44,29
1.5465,6,2,45,30
