4.2044,6,1,50,1
3.1101,4,1,50,1
2.3074,4,2,10,2
3.1658,2,1,50,1
1.8059,3,1,50,1
3.2512,3,1,80,2
2.7611,6,2,13,2
3.532,5,1,50,1
2.7041,5,1,93,2
1.3963,4,1,96,3
2.4714,1,2,50,1
4.1553,1,2,28,2
3.0795,3,1,73,3
2.2601,3,1,69,4
4.3134,5,1,69,3
4.6152,3,1,26,5
1.5892,5,2,13,4
1.33,4,2,16,4
4.6469,3,2,32,6
5.3745,4,2,24,5
3.296,2,1,97,2
1.3432,5,2,19,5
3.8432,2,2,49,3
3.3,5,1,67,6
1.6746,2,2,14,4
1.8163,2,1,91,5
2.6413,3,1,96,7
1.934,4,2,34,6
1.8243,2,2,33,6
1.4554,3,2,34,8
2.1441,1,1,87,3
7.093,6,1,66,3
2.2579,3,1,71,9
0.93521,2,1,77,7
11.896,4,1,64,7
1.6175,2,1,68,8
5.172,5,2,27,7
2.3369,2,2,56,9
3.087,5,1,41,8
1.9923,1,2,66,4
2.535,6,2,9,4
3.098,5,2,36,9
1.7178,2,1,96,10
2.4175,6,1,53,5
1.7079,2,1,87,11
2.0034,4,2,31,8
1.9162,5,2,29,10
2.1025,4,2,49,9
8.4557,2,2,54,12
8.5805,2,2,58,13
1.5168,6,2,17,6
1.7156,3,2,32,10
1.5887,3,2,45,11
2.0409,3,2,41,12
1.2278,1,1,72,5
3.2815,6,1,51,7
5.9695,2,1,74,14
2.6471,1,2,55,6
1.0339,4,2,46,10
4.4224,3,1,55,13
1.1755,5,2,42,11
2.7915,2,2,62,15
4.1855,5,1,48,12
1.8103,5,2,37,13
9.9283,3,1,49,14
2.4523,4,1,59,11
1.9071,4,1,57,12
3.1891,4,1,50,13
1.6033,5,2,42,14
4.9564,4,2,47,14
3.3096,3,1,43,15
5.5844,2,1,73,16
2.0522,2,2,61,17
4.4409,6,2,35,8
7.8146,6,2,32,9
3.0297,2,1,66,18
3.3832,4,2,48,15
2.4252,5,2,45,15
1.1909,2,1,62,19
1.37,3,2,10,16
1.8972,5,1,55,16
5.8254,5,1,42,17
1.3235,3,2,28,17
3.6535,3,2,44,18
1.5732,3,1,79,19
1.5961,1,2,56,7
1.3696,5,2,22,18
1.9476,3,1,56,20
1.1613,5,2,24,19
1.6582,3,1,52,21
3.1317,6,1,51,10
1.1966,1,1,83,8
4.7063,3,1,50,22
1.8046,5,2,26,20
1.8407,5,2,41,21
3.4443,6,2,49,11
4.3957,3,2,49,23
5.0635,1,1,76,9
2.4291,1,2,57,10
3.1351,5,2,43,22
1.5917,6,1,46,12
5.2387,3,2,47,24
3.1276,1,1,73,11
1.6551,3,1,70,25
3.9607,1,2,59,12
1.8566,3,1,66,26
1.5601,3,1,59,27
3.0848,3,2,47,28
6.6076,3,1,49,29
10.998,6,2,32,13
1.6253,6,2,33,14
1.9738,5,1,51,23
2.0039,6,2,40,15
8.4679,5,1,48,24
1.2821,6,1,42,16
2.7425,5,1,46,25
1.5939,6,2,7,17
1.731,1,1,65,13
2.876,1,2,31,14
1.8093,1,2,56,15
4.5511,5,2,45,26
2.1658,5,1,84,27
1.5309,5,1,60,28
4.4936,6,2,41,18
1.7573,1,2,57,16
3.625,5,1,52,29
4.3061,1,2,61,17
3.022,6,1,42,19
3.2782,5,1,46,30
7.4831,1,2,68,18
2.0763,1,1,71,19
3.3939,1,1,68,20
2.0636,1,1,66,21
2.0946,1,2,36,22
2.8445,1,2,60,23
6.0582,1,2,63,24
1.6294,1,2,64,25
2.0533,1,1,67,26
1.2632,1,1,66,27
