4.2114,6,1,50,1
3.2216,4,1,50,1
6.3568,4,2,10,2
5.1979,2,1,50,1
4.0322,3,2,50,1
3.2386,3,1,80,2
5.6542,6,2,13,2
4.6202,5,1,50,1
5.6099,5,1,93,2
2.6451,4,1,96,3
3.4876,1,2,50,1
3.1787,1,2,28,2
4.5905,3,1,92,3
4.7983,3,1,87,4
5.1602,5,1,69,3
4.9331,3,2,33,5
4.4771,5,2,13,4
2.9743,4,2,16,4
3.8679,3,1,68,6
3.5171,4,2,24,5
3.2119,2,1,97,2
8.4315,5,2,19,5
4.4457,2,2,49,3
2.2153,5,1,67,6
3.3989,2,2,14,4
4.6107,2,1,91,5
3.142,3,1,78,7
2.4342,4,2,34,6
2.1903,2,2,33,6
1.8834,3,2,49,8
2.2667,1,1,87,3
2.574,6,1,66,3
6.1709,3,1,65,9
2.5094,2,1,77,7
6.959,4,1,64,7
2.607,2,2,68,8
1.8497,5,2,27,7
3.72,2,1,82,9
3.3722,5,2,41,8
2.2839,1,2,66,4
5.5862,6,2,9,4
3.4902,5,2,49,9
2.0777,2,1,79,10
3.5011,6,2,53,5
3.6555,2,1,73,11
3.3934,4,2,31,8
3.4314,5,2,43,10
6.451,4,2,49,9
4.9824,2,2,52,12
3.5564,2,2,55,13
2.4641,6,2,29,6
2.9597,3,2,49,10
2.5468,3,2,55,11
1.875,3,2,52,12
1.7451,1,1,72,5
4.4195,6,1,96,7
2.5804,2,2,63,14
1.7668,1,2,55,6
1.3848,4,2,46,10
1.9154,3,2,56,13
4.6513,5,2,58,11
1.971,2,1,67,15
2.532,5,2,59,12
3.4588,5,2,61,13
6.8067,3,2,62,14
4.9436,4,2,59,11
1.5088,4,1,91,12
1.3385,4,1,65,13
1.7765,5,1,79,14
1.6485,4,2,55,14
2.6537,3,2,60,15
2.0791,2,2,25,16
1.8694,2,2,35,17
4.4752,6,2,68,8
2.9315,6,1,73,9
3.9079,2,2,49,18
1.8942,2,2,57,19
2.3097,2,2,64,20
2.4562,3,2,62,16
2.5095,2,2,65,21
2.6129,6,1,62,10
2.2767,4,2,57,15
2.6941,6,2,50,11
2.7079,2,2,67,22
2.0808,4,2,59,16
2.8769,3,2,65,17
1.2442,5,1,70,15
2.2259,1,2,56,7
2.1644,4,2,63,17
1.4745,4,2,65,18
3.5327,5,2,69,16
2.0773,3,2,68,18
1.5525,1,2,64,8
1.8957,3,2,89,19
3.4111,4,2,81,19
3.3849,4,1,95,20
1.5548,5,1,96,17
1.3504,6,2,60,12
2.3356,3,1,97,20
1.5784,1,1,81,9
1.5184,1,1,65,10
0.9136,5,2,62,18
2.1102,4,1,70,21
1.8791,5,2,67,19
1.9464,5,2,80,20
4.3729,3,2,70,21
1.8338,1,2,59,11
1.8073,3,1,92,22
3.9398,3,2,84,23
1.4002,3,1,92,24
1.593,3,1,86,25
2.0851,1,2,64,12
4.3694,3,2,85,26
2.5101,3,2,87,27
2.2158,4,2,79,22
1.3161,4,2,86,23
2.5431,6,2,66,13
1.5504,4,2,83,24
1.5591,3,1,90,28
4.5496,5,2,72,21
3.0745,3,1,88,29
1.16,4,1,98,25
1.0799,4,1,86,26
2.4071,4,1,84,27
2.0795,6,2,69,14
1.6838,4,2,23,28
2.8607,5,1,90,22
2.3167,4,2,30,29
1.786,1,2,70,13
2.966,4,2,31,30
2.1861,1,2,86,14
2.3936,5,1,87,23
2.4212,5,1,83,24
3.7348,5,2,77,25
4.2273,6,1,91,15
2.2486,1,2,72,15
2.5874,5,2,80,26
3.0094,1,2,79,16
1.3493,6,2,72,16
1.04,5,2,81,27
1.4431,1,1,92,17
2.161,5,1,86,28
1.1151,5,1,81,29
2.1259,1,2,81,18
2.1596,6,2,69,17
3.4207,6,2,75,18
3.1441,6,1,90,19
3.1322,1,2,87,19
1.2048,6,1,76,20
2.0844,1,2,92,20
1.0897,1,2,94,21
1.0518,1,2,98,22
2.053,6,1,73,21
2.3509,6,2,25,22
1.2367,1,1,96,23
5.7643,1,2,11,24
4.5398,6,2,51,23
1.6696,6,2,68,24
1.6701,6,2,74,25
1.6935,6,1,87,26
1.1858,1,1,85,25
1.3702,6,1,81,27
1.025,6,2,79,28
2.1429,1,2,60,26
1.1329,1,2,82,27
1.012,1,2,89,28
1.5686,6,1,89,29
4.4062,1,2,95,29
2.4161,1,1,99,30
4.0803,6,1,75,30
