6.5159,6,1,50
2.7607,4,1,50
5.1595,4,1,10
3.676,2,2,50
1.4567,3,1,50
2.467,3,1,80
2.7966,6,1,13
3.4324,5,1,50
2.2041,5,1,93
3.1711,4,1,48
2.9097,1,2,50
2.212,1,2,28
2.2814,3,1,73
3.8664,3,1,69
2.445,5,1,69
2.2793,3,1,26
3.7051,5,1,13
6.8366,4,1,8
2.522,3,1,32
3.3418,4,2,2
5.4404,4,1,8
2.1309,6,1,33
1.9145,2,1,97
3.3832,2,2,26
3.8336,6,1,18
5.1166,2,1,86
2.3164,3,1,31
4.257,4,2,6
6.7412,5,2,14
3.6846,4,2,8
1.8253,1,1,87
3.9739,6,2,6
5.229,3,1,26
1.5128,5,1,75
2.8404,2,1,70
1.8922,5,1,23
3.2831,2,1,62
3.9901,5,2,10
1.3445,1,1,66
1.7567,6,2,2
5.1963,5,1,17
2.1111,2,1,66
3.4647,6,1,14
1.8664,2,1,58
3.2836,2,1,31
1.6805,3,2,9
6.2996,1,1,54
1.3829,2,1,49
1.9128,1,1,37
2.6249,3,2,13
1.5502,6,2,4
2.4646,5,2,11
5.0924,3,1,17
4.8043,6,2,8
1.4197,1,1,49
5.8423,5,2,13
2.5839,5,2,14
4.3855,2,2,12
2.2837,2,1,40
4.1095,5,2,16
1.5965,5,1,21
3.4469,3,1,11
6.4379,5,2,17
1.7329,3,2,5
1.7781,3,1,15
3.0341,2,1,22
5.0433,2,2,9
1.0937,2,1,28
3.1911,3,2,14
5.522,3,1,39
3.257,6,2,14
1.8407,2,2,12
4.7011,2,2,19
2.2443,2,1,24
6.3271,3,1,16
3.197,1,2,12
2.4777,1,1,22
4.027,3,1,13
1.4429,3,2,8
2.8423,2,1,20
1.8117,3,1,14
3.0849,1,1,34
1.601,5,1,83
2.5994,3,2,10
2.4231,5,1,23
2.6099,3,2,13
3.436,5,1,17
2.2472,2,1,11
1.3856,6,1,48
1.1983,2,2,1
3.0192,1,1,30
1.7247,6,1,32
2.1929,1,2,15
1.779,1,1,25
1.4717,2,2,6
2.516,6,1,25
2.219,1,2,20
2.564,1,2,21
3.4704,2,1,15
2.8063,6,1,19
1.8037,2,2,10
3.6083,6,1,10
3.2745,2,2,12
4.5685,6,1,13
1.2389,2,1,49
2.8233,2,1,16
1.8985,2,2,11
1.4535,6,2,5
2.568,2,2,13
1.8845,2,1,50
1.9055,2,1,34
2.2725,2,1,18
1.7132,2,1,17
3.2344,2,1,16
2.7166,2,2,14
2.7099,1,1,23
1.5188,6,2,6
3.8605,2,1,29
3.152,2,1,23
2.4837,6,2,10
4.9238,2,1,15
1.285,6,2,12
2.3213,6,2,10
2.5996,6,1,34
2.7095,6,1,15
4.4386,6,2,13
1.4288,6,1,31
1.1323,6,1,30
4.0748,6,1,18
7.643,6,2,15
1.2157,6,1,74
2.5832,6,2,13
2.0153,6,1,45
1.6436,6,1,31
1.257,6,1,27
1.8898,6,1,21
1.749,6,2,14
4.7978,6,2,19
1.5028,6,1,99
4.3922,6,1,40
2.7223,6,1,28
2.0012,6,2,19
2.2331,6,1,25
4.6799,6,1,20
