1.347,6,1,50,1
5.0213,4,1,50,1
3.8265,4,2,10,2
2.1496,2,2,50,1
1.3763,3,1,50,1
2.1909,3,1,80,2
5.3198,6,2,13,2
2.109,5,1,50,1
1.8448,5,1,93,2
1.4385,4,1,96,3
2.4566,1,2,50,1
1.3339,1,2,28,2
2.0309,3,1,73,3
1.793,3,1,69,4
1.3927,5,1,69,3
2.4144,3,1,26,5
2.2014,5,2,13,4
2.6284,4,2,16,4
2.224,3,1,32,6
2.1683,4,1,24,5
1.174,2,1,97,2
1.3255,5,2,19,5
2.6426,2,1,51,3
0.84762,5,1,67,6
1.4763,2,2,14,4
2.1979,2,1,91,5
1.9594,3,1,31,7
2.905,4,2,19,6
2.8332,2,2,33,6
2.1033,3,2,11,8
2.0555,1,1,87,3
1.3775,6,1,66,3
2.3438,3,2,18,9
1.1578,2,1,77,7
2.196,4,1,35,7
1.2376,2,1,68,8
2.3776,5,1,27,7
1.0631,2,1,56,9
1.4128,5,1,30,8
1.0162,1,1,66,4
3.4769,6,2,9,4
4.0774,5,1,22,9
1.133,2,1,54,10
1.3844,6,1,53,5
1.5988,2,1,50,11
3.2019,4,2,19,8
1.9539,5,1,14,10
1.8794,3,2,11,10
2.2198,2,2,35,12
3.2585,3,2,13,11
3.1132,6,1,17,6
1.5223,3,2,14,12
1.1751,2,1,38,13
1.492,2,1,39,14
1.4076,2,2,16,15
2.697,4,1,28,9
2.3217,3,1,29,13
0.81148,1,1,54,5
4.0946,5,2,8,11
2.0543,4,1,20,10
1.7901,4,1,23,11
2.83,4,1,20,12
1.6759,1,2,34,6
1.2424,3,1,26,14
1.4377,3,2,19,15
1.9736,5,1,17,12
1.3058,3,2,22,16
1.9498,3,1,25,17
2.6393,2,2,38,16
1.7789,3,1,26,18
5.2635,3,2,21,19
2.6833,3,1,23,20
1.9559,6,2,29,7
2.2079,3,2,22,21
2.6332,5,1,15,13
2.8034,3,2,24,22
1.3076,1,1,64,7
2.2337,1,2,42,8
1.9337,3,1,55,23
2.5384,3,1,41,24
1.5275,3,1,40,25
1.447,3,1,33,26
1.3477,1,2,62,9
1.352,5,1,10,14
3.5335,3,1,26,27
1.7373,5,2,1,15
2.8097,3,1,25,28
1.1862,6,1,51,8
1.0682,1,1,94,10
2.2668,3,1,24,29
0.99471,5,2,2,16
1.6723,5,2,12,17
1.5745,6,1,47,9
1.1216,1,1,83,11
1.5293,1,1,73,12
2.0938,5,1,13,18
1.6788,6,1,37,10
1.0119,5,2,12,19
1.5367,1,2,62,13
1.535,1,2,66,14
4.3262,6,1,29,11
0.99917,6,1,28,12
1.9177,6,1,12,13
1.7588,6,2,5,14
2.4032,6,2,9,15
1.7593,6,1,23,16
1.1463,1,1,99,15
1.0883,1,1,78,16
0.82725,1,1,72,17
1.7546,6,1,21,17
8.2758,1,1,63,18
3.0116,6,2,15,18
2.2033,1,2,18,19
1.2555,1,2,30,20
1.8937,6,1,68,19
1.2939,1,1,52,21
2.2727,6,1,12,20
1.4926,1,2,11,22
2.599,6,2,4,21
1.5287,6,2,6,22
4.2994,6,1,12,23
1.4065,1,2,41,23
4.172,6,2,7,24
1.622,1,2,50,24
1.5055,1,2,57,25
2.0573,1,1,88,26
5.2632,6,1,12,25
1.4375,6,2,9,26
2.7179,1,2,64,27
1.4049,1,2,62,28
2.2028,6,1,11,27
3.0135,6,2,8,28
2.6883,6,1,11,29
1.8043,6,1,10,30
1.9794,1,1,94,29
0.97756,1,1,82,30
