3.7672,4,2,50
0.99286,4,2,27
1.6326,1,2,50
0.84666,2,2,50
0.83113,3,2,50
0.63155,3,2,94
2.7406,4,2,70
1.6865,2,1,94
3.4538,3,1,92
2.8724,3,2,11
1.2816,3,2,47
1.7813,2,2,58
0.9175,3,2,68
1.1314,3,2,76
1.1918,5,2,50
1.5134,1,2,66
1.0382,2,2,63
0.93784,2,2,58
0.99727,2,2,69
1.1924,6,2,50
2.7444,3,2,79
1.0427,1,2,70
1.7346,1,2,81
1.0814,6,2,22
2.314,4,2,84
0.68747,4,2,91
0.93702,2,2,85
1.3836,5,2,24
0.95771,4,2,87
0.76657,4,2,99
1.5016,3,2,90
1.0942,4,2,94
1.2032,3,2,99
1.1129,3,2,94
1.1754,4,2,98
0.82936,2,2,80
0.95017,6,2,81
0.90737,5,2,55
0.81643,2,2,85
1.0746,3,2,97
0.9199,5,2,59
0.82463,5,2,89
1.0472,3,2,98
0.67703,2,2,90
0.60724,2,2,88
0.99395,6,2,97
0.93252,1,2,99
1.173,6,2,98
1.0633,5,2,85
0.76907,2,2,94
0.84894,2,2,91
0.87477,2,2,96
1.0979,6,2,97
0.80862,2,2,95
1.0266,2,2,97
1.1172,1,2,94
0.85674,2,2,98
1.7728,2,2,99
1.397,6,2,98
1.1029,5,2,95
0.85661,1,2,97
0.83639,5,2,92
0.75892,5,2,94
0.81917,1,2,98
0.81631,5,2,96
0.76734,5,2,98
0.80948,5,2,99
