3.0709,6,1,50,1
4.0138,4,1,50,1
4.0441,4,1,10,2
3.8078,2,1,50,1
2.4995,3,1,50,1
2.0882,3,1,80,2
4.9693,6,1,13,2
3.0937,5,1,50,1
2.0387,5,1,93,2
3.3469,4,1,48,3
7.5963,1,1,50,1
2.843,1,2,28,2
2.128,3,1,73,3
3.8215,3,1,69,4
1.696,5,1,69,3
1.5502,3,1,26,5
2.0275,5,1,13,4
2.4971,4,1,8,4
2.4246,3,1,32,6
3.677,4,2,2,5
7.5998,4,1,8,6
2.2752,6,1,33,3
3.0293,2,1,97,2
4.5837,2,1,25,3
1.2619,6,1,18,4
1.4889,2,1,41,4
1.1745,3,1,31,7
1.5605,4,1,6,7
1.724,5,1,14,5
2.9531,4,2,7,8
5.0476,4,2,9,9
4.6042,2,1,25,5
7.9553,1,1,82,3
2.5412,5,1,11,6
5.2149,2,1,14,6
1.8473,4,1,79,10
5.1883,3,1,26,8
4.4745,6,1,6,5
1.9598,4,1,57,11
4.6688,2,1,15,7
7.3567,5,2,4,7
5.5821,1,1,28,4
2.739,5,1,11,8
1.9595,2,1,14,8
14.297,2,2,4,9
4.4499,4,1,11,12
3.5657,4,1,8,13
2.6369,3,2,2,9
8.9997,2,1,12,10
3.2615,1,1,20,5
1.9561,3,2,6,10
2.5275,6,2,2,6
4.24,5,1,5,9
5.9056,3,1,14,11
2.4281,6,1,5,7
8.9182,1,1,25,6
4.5781,5,1,4,10
6.3526,5,2,1,11
2.4133,4,2,3,14
1.8643,2,2,3,11
2.1995,3,2,4,12
2.6542,1,2,6,7
2.842,3,1,18,13
2.9062,3,1,10,14
1.6522,5,2,4,12
3.2299,4,1,5,15
4.5798,4,2,3,16
4.8348,4,1,5,17
5.9176,2,1,11,12
2.0707,2,2,6,13
3.9631,2,1,11,14
3.1216,3,1,9,15
8.8826,3,1,6,16
1.635,6,1,6,8
1.9173,2,1,5,15
2.5495,2,2,4,16
2.9807,2,1,8,17
7.0265,3,1,5,17
2.2446,1,1,24,8
2.5089,1,1,11,9
5.4184,3,2,3,18
2.6195,3,1,5,19
1.4211,2,2,4,18
4.333,6,2,3,9
1.6735,6,2,2,10
2.1122,2,1,6,19
2.3977,6,1,5,11
1.9477,1,1,19,10
4.6286,6,2,3,12
5.4589,1,1,14,11
1.1413,1,1,7,12
1.7496,1,1,8,13
3.7416,1,2,4,14
2.3758,1,1,5,15
1.7211,1,2,3,16
1.049,1,1,7,17
10.423,1,1,6,18
1.2778,1,1,5,19
