11.437,2,1,50,1
10.452,1,2,50,1
2.915,5,2,50,1
1.5592,4,2,50,1
2.1085,3,2,50,1
1.7998,2,2,14,2
2.3195,2,2,4,3
3.7831,3,2,15,2
2.0126,4,1,74,2
2.7546,1,2,53,2
2.0035,2,2,46,4
1.3089,3,1,78,3
2.1291,5,1,48,2
3.632,5,2,40,3
1.1434,5,1,63,4
1.5153,4,1,70,3
1.3906,5,1,62,5
1.4453,6,1,50,1
1.6442,4,2,32,4
1.5425,3,1,90,4
1.6855,5,2,44,6
1.4773,1,1,67,3
1.073,4,1,38,5
5.3987,3,2,71,5
2.0144,5,1,50,7
4.5245,4,2,35,6
6.4849,5,2,47,8
3.3051,5,2,50,9
2.2136,4,2,55,7
1.1453,2,2,31,5
1.4736,4,1,68,8
1.0876,4,1,63,9
1.5538,1,2,56,4
0.99442,5,1,80,10
1.2768,5,1,77,11
1.248,4,2,44,10
1.7676,3,2,56,6
2.2694,4,2,46,11
1.2775,4,2,57,12
0.85195,3,1,85,7
1.7179,2,2,65,6
0.79943,1,1,82,5
2.6268,4,1,71,13
2.0993,4,2,66,14
1.9658,3,2,62,8
1.1873,2,2,54,7
1.0746,4,1,76,15
1.0596,6,1,51,2
2.2853,2,2,64,8
2.0209,4,2,65,16
2.5099,5,1,65,12
1.1336,5,2,61,13
2.267,5,1,97,14
1.2511,2,1,70,9
1.6369,1,2,71,6
1.6967,2,2,66,10
1.2599,4,2,66,17
0.97491,5,1,87,15
1.1461,1,1,97,7
2.6156,3,1,82,9
2.4694,6,2,4,3
1.8356,6,2,28,4
1.7804,3,1,80,10
1.1496,2,1,77,11
1.1971,1,2,63,8
0.88165,2,2,67,12
1.0535,4,1,74,18
1.0689,2,1,73,13
1.0927,4,1,70,19
1.4571,2,1,71,14
1.6459,5,2,63,16
2.7032,1,1,81,9
1.4736,5,2,64,17
0.86583,3,1,76,11
1.9032,6,2,18,5
4.1178,1,2,71,10
1.7593,4,2,67,20
1.36,1,1,74,11
3.8279,6,2,29,6
4.5775,5,2,70,18
2.4231,5,1,76,19
1.0999,4,1,92,21
2.6154,5,2,64,20
1.5989,2,1,67,15
1.2541,4,1,82,22
1.1817,5,1,72,21
1.8042,5,2,67,22
0.94484,4,2,72,23
1.0336,5,2,68,23
1.6286,1,1,71,12
1.3148,5,1,71,24
2.2803,5,2,70,25
2.7758,4,1,83,24
1.2373,4,1,72,25
4.6646,6,2,40,7
2.1198,3,2,69,12
1.2642,4,1,71,26
2.4902,3,1,72,13
3.9934,4,2,57,27
7.6045,4,2,64,28
2.6834,4,2,65,29
2.2545,4,1,72,30
2.4044,3,1,73,14
2.8494,6,1,48,8
2.2761,3,1,72,15
1.0696,3,1,71,16
2.4015,3,2,70,17
1.7435,6,2,33,9
2.1669,6,2,45,10
1.3449,6,2,42,11
1.1489,6,2,45,12
1.6476,6,2,50,13
3.3017,6,1,75,14
1.3139,6,1,65,15
1.8718,6,1,61,16
1.8271,6,2,52,17
1.9028,6,1,61,18
1.7032,6,2,53,19
1.0375,6,1,90,20
1.7332,6,2,53,21
1.2068,6,2,55,22
1.9843,6,1,70,23
2.1055,6,1,69,24
1.5673,6,1,65,25
0.56867,6,1,57,26
2.0247,6,2,56,27
1.795,6,1,60,28
1.5021,6,2,58,29
1.4392,6,1,92,30
