2.8444,4,1,50
1.8887,1,2,50
1.5439,2,1,50
1.141,5,1,50
1.4311,4,2,17
0.92328,4,2,7
1.749,4,2,28
1.3525,2,2,13
1.2897,3,1,50
1.1595,5,1,49
0.81038,4,1,78
0.9386,4,1,59
0.64334,4,1,52
1.5942,5,1,42
1.932,5,2,31
1.2543,6,1,50
1.2974,4,2,30
1.0382,2,2,10
1.6804,5,2,18
0.98905,2,1,59
1.004,4,1,46
1.0346,2,2,10
1.7128,4,2,31
2.13,5,2,35
2.0975,4,1,45
1.2744,2,1,49
0.65037,3,1,79
0.7306,3,1,76
1.3997,4,1,40
1.2249,3,2,12
1.8312,5,2,39
1.1491,5,2,38
1.5491,5,1,41
1.2388,1,1,79
0.92871,5,2,38
0.68244,3,1,72
0.62398,3,1,61
2.9019,2,2,11
1.3365,6,2,2
3.8421,4,2,38
1.558,5,1,39
1.445,5,2,38
1.679,4,1,42
1.1616,4,2,36
1.847,3,2,38
1.2561,4,1,40
0.66289,3,1,61
1.3126,4,2,38
2.3631,5,1,41
1.2763,5,1,39
0.96292,2,2,26
0.76625,6,2,30
1.0883,1,1,92
0.776,6,1,99
0.78017,6,1,95
0.89674,2,2,21
1.78,2,1,42
1.2396,2,2,38
1.8117,2,2,35
1.6416,1,2,44
1.8317,1,1,86
3.3978,6,1,31
2.1498,2,1,41
0.93045,6,2,8
1.1419,3,1,40
0.9242,3,2,24
1.0146,3,1,45
1.2589,3,1,39
1.0347,6,2,20
1.439,2,1,40
1.5499,2,2,37
1.2436,6,1,39
1.0819,1,1,46
1.5947,1,1,52
1.2256,3,2,29
1.7109,2,2,38
0.87986,1,2,3
1.0124,2,1,40
1.8509,6,2,29
1.3198,1,2,13
1.2644,6,2,36
1.2461,3,2,35
0.81039,1,2,37
1.2505,3,2,36
1.5775,1,2,44
2.5102,3,2,37
1.3184,3,2,38
1.0112,6,2,31
1.1507,1,2,48
0.53011,6,1,76
0.67019,6,1,59
0.68407,6,1,56
0.75545,6,1,47
2.0016,6,1,37
0.81576,1,1,72
0.78883,1,1,66
0.87488,6,2,33
0.92355,1,1,49
2.0326,6,2,34
0.82212,1,1,47
1.5222,6,1,35
1.5426,6,2,27
1.7822,1,2,27
1.4715,1,2,39
1.7254,6,2,29
3.6158,6,2,32
1.0506,6,2,35
2.3318,1,2,44
1.0917,1,2,46
