7.9029,6,2,50,1
1.2328,2,2,50,1
2.3026,3,2,50,1
2.7096,2,2,61,2
2.7751,4,2,50,1
1.2545,4,2,46,2
1.9634,6,2,53,2
1.6771,2,2,64,3
1.0615,1,2,50,1
1.4959,4,1,97,3
1.1863,5,2,50,1
1.9269,4,1,92,4
2.3904,1,2,25,2
1.6164,3,2,9,2
1.918,5,2,68,2
1.9854,2,2,87,4
1.5698,2,1,90,5
2.1221,2,2,76,6
1.6409,6,2,62,3
2.3256,2,1,94,7
2.602,4,2,66,5
1.1509,3,2,79,3
0.71309,4,2,82,6
1.384,2,2,81,8
5.0404,2,1,90,9
2.0226,3,2,82,4
2.1861,3,1,93,5
1.8059,5,2,74,3
2.3953,4,2,86,7
0.75896,2,2,86,10
0.66586,6,2,66,4
2.2552,4,1,90,8
4.7688,4,1,87,9
1.5177,6,1,87,5
1.2518,2,2,87,11
1.116,3,2,88,6
1.3955,5,2,76,4
1.1199,2,2,88,12
0.9254,1,2,60,3
1.398,5,1,98,5
2.6645,4,1,88,10
1.3729,3,1,96,7
1.4372,2,2,87,13
1.5058,3,2,84,8
2.1614,5,2,87,6
3.6652,5,2,85,7
1.7078,3,1,92,9
3.6109,2,1,89,14
1.8696,3,2,88,10
1.2089,5,1,92,8
2.8745,2,2,88,15
3.7349,6,2,70,6
1.3559,3,1,92,11
1.1215,5,1,95,9
3.2305,4,1,86,11
1.5192,3,1,91,12
2.4043,1,2,76,4
1.4693,4,2,83,12
2.4087,3,2,89,13
0.89289,4,2,85,13
1.6023,5,1,90,10
1.7801,1,2,64,5
3.2449,6,2,77,7
1.9102,5,1,91,11
2.986,6,2,86,8
2.8732,5,2,86,12
2.2931,1,1,95,6
1.9075,5,1,89,13
2.6561,5,1,90,14
2.9804,1,2,87,7
1.9716,3,2,88,14
2.0842,1,2,79,8
0.90605,1,2,92,9
1.4904,1,2,93,10
2.1636,3,1,91,15
2.3534,3,1,90,16
1.907,3,1,91,17
4.2715,1,1,97,11
3.7163,1,1,93,12
4.8279,5,2,88,15
1.6344,6,1,90,9
5.4819,3,1,89,18
2.378,1,1,95,13
1.7763,1,1,93,14
10.811,5,2,87,16
1.8966,5,2,88,17
1.4243,6,1,88,10
2.5779,6,1,83,11
1.3699,6,2,25,12
8.1854,6,2,67,13
1.3697,6,2,69,14
2.863,6,1,75,15
7.9258,6,2,44,16
8.4451,6,2,71,17
1.3752,6,1,81,18
2.4353,6,2,75,19
2.9378,6,2,76,20
1.5338,6,1,93,21
2.5881,6,1,78,22
1.6847,6,2,76,23
