7.205,3,2,50,1
5.4145,2,2,50,1
3.9745,2,2,12,2
6.8238,4,2,50,1
2.259,4,2,28,2
2.6332,3,2,5,2
16.955,5,1,50,1
2.6752,2,2,29,3
2.6484,3,2,17,3
5.2637,1,2,50,1
4.1478,2,1,69,4
9.2852,1,2,11,2
2.8547,5,1,87,2
5.9972,6,1,50,1
4.0816,5,2,6,3
10.075,3,2,34,4
1.8485,6,1,98,2
6.175,3,1,43,5
2.7613,1,1,94,3
8.6054,5,1,45,4
4.0992,1,1,86,4
3.2368,3,2,47,6
5.4137,6,1,30,3
3.6719,6,1,27,4
2.2713,3,1,94,7
4.2015,2,2,73,5
10.154,1,2,26,5
6.668,2,1,59,6
2.7007,4,1,64,3
1.5303,2,2,15,7
16.395,4,1,62,4
2.993,2,1,58,8
3.6887,5,2,17,5
3.8506,1,2,61,6
2.6696,5,2,9,6
11.561,3,1,82,8
6.9245,6,2,9,5
8.6178,1,2,69,7
2.6907,4,1,35,5
4.5491,1,2,71,8
4.233,4,1,47,6
3.6882,3,1,61,9
2.2729,1,2,88,9
3.7546,4,2,5,7
10.339,5,2,17,7
9.9185,4,2,27,8
5.156,1,2,72,10
3.7407,4,1,38,9
2.883,2,2,8,9
10.085,5,1,43,8
2.6375,1,1,94,11
5.2066,5,1,39,9
2.4915,2,2,36,10
5.1791,2,1,53,11
3.994,4,1,35,10
2.8459,5,1,42,10
6.1028,6,1,10,6
5.6479,3,1,48,10
4.0864,4,1,33,11
4.4444,2,1,37,12
2.1568,2,2,5,13
1.9279,2,2,24,14
4.0061,2,2,43,15
1.5997,2,1,86,16
3.4213,1,2,74,12
3.6589,2,1,49,17
14.35,4,2,28,12
10.019,4,1,35,13
5.0814,4,1,33,14
2.3125,2,1,46,18
2.2021,3,1,45,11
3.5471,2,2,39,19
2.4946,3,1,36,12
13.859,3,1,27,13
2.9374,2,2,44,20
3.5543,1,2,82,13
4.5235,5,1,23,11
2.3935,4,1,29,15
15.525,1,2,87,14
2.7702,2,1,50,21
8.4282,2,2,45,22
1.7636,5,1,29,12
3.0541,2,1,58,23
6.5123,5,1,24,13
2.1538,2,2,45,24
9.335,2,2,53,25
1.8063,1,2,88,15
2.8879,6,1,23,7
2.7377,2,2,59,26
2.1957,5,1,21,14
3.5865,4,2,4,16
2.9881,5,1,22,15
6.2055,2,2,71,27
3.0568,3,1,28,14
2.728,3,2,16,15
2.4152,1,2,92,16
9.1388,4,1,13,17
4.1701,3,1,21,16
1.516,5,1,20,16
2.5574,3,2,6,17
12.322,5,2,17,17
5.8267,4,1,28,18
3.8085,5,1,18,18
2.7564,4,1,25,19
1.9965,5,2,17,19
5.8278,4,1,17,20
2.47,3,2,10,18
2.3425,2,1,78,28
4.2204,4,2,6,21
5.2645,6,2,9,8
3.2564,3,1,17,19
17.983,2,2,59,29
3.59,4,1,16,22
3.103,3,2,5,20
1.5238,3,2,11,21
1.4122,5,1,19,20
4.8613,4,2,13,23
1.9081,1,1,91,17
1.6049,3,2,19,22
5.252,4,2,16,24
2.9494,1,1,80,18
3.949,3,2,36,23
22.145,4,1,47,25
3.1589,2,1,60,30
2.6985,3,1,87,24
7.1561,1,2,38,19
2.0006,4,1,19,26
1.9942,1,1,76,20
5.1589,3,1,25,25
2.8727,4,1,15,27
5.452,3,1,22,26
14.316,6,1,20,9
3.1459,1,2,73,21
1.751,1,1,79,22
1.7974,4,2,4,28
2.2843,4,2,15,29
5.5801,1,2,73,23
2.2431,6,2,9,10
1.6831,6,2,13,11
2.8159,6,1,95,12
7.3077,3,2,6,27
12.378,1,2,74,24
2.1337,3,2,17,28
7.0303,3,1,25,29
2.9662,3,1,20,30
2.3162,1,2,78,25
1.9946,1,1,96,26
2.1943,6,1,75,13
2.0534,1,1,84,27
3.8029,1,2,80,28
2.5171,6,1,16,14
5.9922,1,2,79,29
2.6208,6,2,13,15
2.3314,6,1,15,16
5.7511,1,2,90,30
