55.752,6,2,50,1
2.2018,4,2,50,1
2.8096,4,2,10,2
2.1316,2,2,50,1
1.7411,3,2,50,1
1.5413,3,2,80,2
1.5054,6,2,13,2
1.1818,5,2,50,1
1.1876,5,2,93,2
1.5509,4,2,96,3
1.8339,1,2,50,1
1.545,1,2,28,2
1.834,3,2,96,3
1.426,3,2,99,4
1.5863,5,2,87,3
1.6882,3,2,98,5
1.7371,5,2,89,4
1.5878,4,2,59,4
1.6446,2,2,97,2
1.2918,4,2,86,5
2.3367,2,2,75,3
1.5771,5,2,97,5
1.5219,2,2,88,4
1.5823,5,2,94,6
3.968,2,2,98,5
5.2703,5,1,95,7
3.1336,6,2,70,3
1.5852,5,2,59,8
2.397,1,2,87,3
1.8982,5,2,75,9
4.3416,4,2,89,6
1.8551,2,1,99,6
3.1626,2,1,98,7
2.5947,4,1,94,7
1.3822,1,2,53,4
2.0857,5,1,98,10
1.651,1,2,64,5
2.191,6,2,64,4
2.389,5,2,87,11
5.2396,5,2,88,12
2.3314,5,1,92,13
1.6416,5,2,55,14
2.6052,4,2,69,8
1.6325,1,2,80,6
1.9492,6,1,92,5
2.8867,5,2,80,15
1.6431,1,1,98,7
1.7934,6,2,77,6
2.3995,5,2,86,16
1.4257,5,2,88,17
2.6972,4,2,81,9
3.4796,4,2,87,10
2.2735,4,2,89,11
2.3774,6,2,87,7
5.9732,4,2,98,12
4.1793,5,1,93,18
2.7532,5,1,91,19
1.6888,6,1,95,8
5.6565,4,1,97,13
1.1601,5,2,49,20
1.838,6,1,93,9
1.5671,6,2,84,10
1.2413,4,2,58,14
1.4869,5,2,57,21
2.9606,4,2,68,15
1.8279,5,2,65,22
1.611,5,2,66,23
0.95677,6,2,93,11
6.1685,4,2,71,16
7.6021,6,1,94,12
1.7429,6,2,87,13
1.6331,4,2,89,17
3.869,4,2,90,18
1.5987,5,2,79,24
2.1168,4,1,94,19
3.2362,5,1,91,25
1.826,6,1,93,14
1.6963,5,2,85,26
2.5405,5,2,90,27
1.5722,6,1,91,15
2.2867,1,2,83,8
2.8173,1,2,95,9
2.3591,4,2,19,20
2.0396,4,2,59,21
2.2011,1,2,94,10
1.8947,1,2,95,11
1.8792,4,2,89,22
1.9723,1,1,97,12
3.4622,6,2,66,16
2.3789,4,1,94,23
4.7462,4,1,91,24
4.6639,4,2,51,25
2.1136,6,1,91,17
1.1628,4,2,59,26
1.4408,6,2,70,18
4.4467,4,2,90,27
2.5584,4,1,92,28
2.6543,6,2,73,19
1.6419,6,2,86,20
2.5782,1,2,98,13
3.4722,1,2,97,14
2.1376,1,1,99,15
4.1977,6,2,90,21
