5.7607,5,1,50,1
8.8472,2,1,50,1
4.5588,1,2,50,1
1.8281,1,2,61,2
2.0683,2,2,55,2
0.95272,2,2,21,3
1.1078,2,2,24,4
4.9004,3,2,50,1
1.654,2,2,65,5
1.8066,5,1,48,2
3.2929,4,1,50,1
1.0675,2,1,77,6
1.6141,2,1,76,7
1.8686,4,1,64,2
2.7179,6,1,50,1
1.4725,1,1,74,3
0.94398,6,1,73,2
2.748,4,2,37,3
1.4354,2,1,58,8
1.4575,3,1,54,2
1.3181,3,2,30,3
1.4278,5,2,14,3
1.418,3,1,75,4
1.4665,2,2,2,9
4.2084,5,2,28,4
1.399,4,2,11,4
1.3423,2,2,44,10
1.2933,5,2,18,5
3.7933,2,1,53,11
1.0928,4,1,48,5
1.1601,2,2,21,12
2.7948,3,1,50,5
6.7359,5,1,44,6
0.90306,2,1,54,13
1.7202,2,2,41,14
1.5522,1,2,93,4
1.5768,3,1,52,6
1.4879,2,2,44,15
1.4736,3,2,30,7
2.3479,3,2,32,8
1.4385,2,1,45,16
2.3148,5,2,40,7
1.4571,1,2,70,5
1.877,4,2,24,6
1.6831,3,2,38,9
1.1385,1,1,93,6
4.8548,4,2,27,7
4.6659,5,2,41,8
1.3267,4,2,39,8
1.0926,1,2,71,7
2.8029,4,2,44,9
1.159,2,2,2,17
1.7756,5,2,46,9
2.8306,1,1,88,8
1.7495,5,1,88,10
1.9427,2,2,30,18
2.1228,2,1,47,19
3.1824,4,2,47,10
1.5076,5,1,85,11
1.1775,6,1,63,3
1.3487,3,2,42,10
2.4523,4,2,48,11
1.3026,2,2,41,20
1.46,2,2,42,21
1.6171,2,2,44,22
4.4272,2,2,46,23
0.57286,2,2,88,24
1.7441,1,2,7,9
2.2524,2,1,59,25
1.4719,4,1,49,12
1.8746,3,1,46,11
1.0632,3,2,35,12
1.4284,6,1,55,4
1.3211,5,1,51,12
3.2976,3,1,45,13
1.0719,3,2,13,14
2.4115,1,2,42,10
1.5345,2,1,69,26
1.4569,1,2,58,11
6.6457,5,1,46,13
1.0375,2,2,9,27
0.90314,2,2,17,28
1.2822,3,2,28,15
2.0303,2,2,26,29
4.8611,2,1,64,30
1.2793,1,2,73,12
1.9692,3,2,34,16
2.0519,6,2,10,5
1.853,3,2,36,17
4.2472,3,2,37,18
7.5319,3,1,46,19
1.5376,5,1,44,14
1.391,5,2,16,15
1.5729,3,2,38,20
1.762,5,2,34,16
1.1877,1,2,91,13
2.6739,6,2,9,6
3.4364,5,2,39,17
2.9813,5,1,44,18
2.7136,3,2,41,21
2.3418,5,2,40,19
1.3696,5,2,41,20
2.9965,6,1,52,7
1.282,1,2,92,14
4.665,3,2,42,22
2.7771,3,2,44,23
1.9815,1,1,98,15
1.8733,6,2,32,8
1.3047,5,2,43,21
1.3471,1,1,97,16
5.6529,6,2,17,9
3.2688,6,2,33,10
1.5642,1,1,96,17
1.585,6,2,36,11
1.6032,1,1,93,18
1.9581,6,2,38,12
2.7228,6,1,49,13
1.3778,6,2,36,14
1.7891,6,2,37,15
2.4579,6,1,42,16
0.99201,6,1,48,17
1.8915,6,1,45,18
1.507,6,1,40,19
3.0106,6,1,41,20
1.4531,6,2,37,21
2.0659,6,1,40,22
3.1336,6,2,39,23
