7.4314,6,1,50,1
1.5613,4,2,50,1
1.7205,4,2,10,2
2.5364,2,2,50,1
2.4368,3,2,50,1
3.6661,3,1,80,2
4.4514,6,2,13,2
3.171,5,2,50,1
1.8611,5,1,93,2
2.5558,4,1,96,3
2.282,1,2,50,1
1.7713,1,2,28,2
2.7307,3,1,92,3
3.3411,3,2,87,4
3.0963,5,1,74,3
2.2862,3,2,69,5
1.8112,5,2,17,4
1.2805,4,2,25,4
6.5267,3,2,89,6
1.3512,4,2,37,5
1.3806,2,1,97,2
1.4864,5,2,38,5
1.7205,2,2,51,3
6.9016,5,1,91,6
2.6213,2,2,57,4
2.5706,2,1,97,5
1.5555,3,1,99,7
1.5105,4,2,51,6
1.7907,2,2,63,6
1.6709,3,1,91,8
3.4779,1,1,87,3
3.3563,6,2,66,3
2.2355,3,2,89,9
2.3363,2,2,87,7
1.9757,4,2,77,7
2.6156,2,1,90,8
7.5068,5,2,51,7
5.6213,2,2,85,9
3.5064,5,2,68,8
2.2361,1,2,66,4
1.8557,6,2,24,4
1.5613,5,2,73,9
1.5163,2,1,96,10
2.6412,6,2,83,5
2.2509,2,2,94,11
1.3809,4,2,59,8
5.4711,5,2,70,10
1.3813,4,2,82,9
1.3113,2,2,89,12
3.7861,2,2,90,13
1.301,6,2,72,6
2.086,6,1,98,7
1.7458,5,2,83,11
1.1357,1,2,72,5
2.4165,6,2,82,8
3.9862,2,1,94,14
1.4455,1,2,70,6
3.4215,4,2,86,10
1.6212,4,2,95,11
2.3112,2,2,91,15
1.2456,4,2,90,12
1.8503,6,2,91,9
1.2658,4,2,98,13
1.0765,4,2,99,14
1.081,5,2,84,12
0.93051,6,2,96,10
1.2805,2,2,93,16
1.1811,5,2,92,13
1.4855,6,2,99,11
2.4382,6,1,98,12
1.3962,5,2,87,14
1.2155,1,2,71,7
0.94548,1,2,79,8
2.1761,6,1,97,13
1.2562,6,2,54,14
1.516,6,2,56,15
4.1412,5,1,90,15
4.3309,5,2,10,16
1.4206,5,2,69,17
1.5761,1,1,98,9
1.5157,6,2,89,16
1.1058,5,2,77,18
1.5111,5,2,89,19
3.9502,6,2,94,17
2.3515,1,2,91,10
1.3159,1,2,93,11
1.9835,5,1,90,20
1.6813,6,1,97,18
1.1359,1,1,96,12
1.4612,1,1,92,13
0.93982,1,2,37,14
1.5312,6,1,96,19
1.7561,6,1,89,20
0.90564,6,2,40,21
0.9813,6,2,50,22
1.2011,6,2,57,23
1.076,6,2,85,24
1.0359,1,2,92,15
2.9505,6,1,95,25
1.2005,6,1,90,26
2.1308,6,2,88,27
