5.25,3,2,50,1
6.9551,2,2,50,1
5.4633,2,2,12,2
9.7951,4,2,50,1
2.3024,4,1,28,2
2.9924,3,2,5,2
1.5749,5,1,50,1
2.647,2,1,29,3
1.842,3,2,17,3
2.1334,1,2,50,1
4.8054,2,1,56,4
2.4036,1,2,11,2
1.5292,5,1,87,2
3.255,6,1,50,1
1.5487,5,2,6,3
2.4634,3,1,34,4
2.1996,6,1,98,2
5.6082,3,2,13,5
6.679,1,1,94,3
2.1824,5,1,45,4
1.8779,1,1,86,4
4.0569,3,1,54,6
1.6183,6,1,30,3
2.6144,6,1,27,4
3.1469,3,1,50,7
3.6031,2,2,35,5
4.0783,1,2,26,5
3.45,2,1,42,6
2.1165,4,1,50,3
1.5313,2,2,32,7
1.5229,4,2,23,4
0.67291,2,1,39,8
1.7187,5,1,17,5
2.44,1,1,61,6
0.90411,5,2,3,6
0.98305,3,1,41,8
1.0069,6,2,9,5
1.0873,1,2,53,7
1.1276,4,1,28,5
2.0622,1,2,61,8
2.9522,6,2,10,6
1.5888,5,1,11,7
3.7691,5,2,8,8
1.4317,4,1,27,6
1.133,5,2,6,9
1.2328,2,2,33,9
1.084,3,2,26,9
1.0741,3,2,27,10
0.92861,2,2,37,10
0.99642,3,2,36,11
1.164,5,1,14,10
1.1616,1,1,56,9
1.1555,4,2,17,7
1.9201,2,1,43,11
1.2933,3,1,93,12
2.6625,4,2,18,8
4.1271,5,2,6,11
1.3418,1,1,49,10
1.7029,4,1,25,9
0.84749,3,1,73,13
1.0837,5,2,14,12
0.82771,4,2,16,10
1.3843,3,1,42,14
1.2982,2,2,36,12
0.86625,4,2,19,11
0.73125,2,1,38,13
0.22746,5,2,27,13
0.063091,6,2,20,7
1.0524,5,2,39,14
1.763,6,1,19,8
2.4445,5,1,59,15
3.6235,3,1,35,15
3.6948,4,1,20,12
2.2072,4,2,11,13
5.5514,5,1,43,16
1.6466,1,2,21,11
1.7598,5,2,38,17
1.5714,4,2,12,14
2.3138,1,2,36,12
2.4428,3,2,10,16
2.0848,5,2,41,18
1.2492,1,2,39,13
1.4728,4,2,14,15
1.872,4,2,17,16
2.2398,3,2,18,17
1.1781,3,2,19,18
1.559,4,2,25,17
2.4493,5,1,82,19
1.3837,4,2,32,18
2.5189,5,2,76,20
2.7544,3,2,36,19
1.8537,4,2,47,19
1.8023,3,2,62,20
6.2701,3,2,44,21
3.6636,6,2,5,9
1.5812,5,2,61,21
4.4021,5,1,91,22
3.1029,3,1,81,22
2.1769,5,2,64,23
3.0949,4,2,82,20
2.4179,5,2,69,24
1.7023,4,1,94,21
1.3724,5,1,72,25
6.3289,4,1,79,22
1.5633,3,2,52,23
1.8694,1,2,55,14
2.475,6,2,15,10
4.2303,5,2,57,26
2.2969,5,2,68,27
1.7199,5,2,70,28
2.7823,4,2,27,23
4.8697,5,2,74,29
1.5737,5,1,81,30
2.6764,4,2,50,24
7.6167,3,2,64,24
2.1022,3,1,95,25
3.4398,4,2,70,25
1.858,1,1,96,15
1.9015,3,2,69,26
1.1778,4,2,75,26
3.3147,6,2,17,11
2.8186,1,2,69,16
1.2885,1,1,84,17
1.6263,4,2,76,27
1.1732,1,2,76,18
3.1897,3,2,94,27
2.6887,4,1,78,28
1.2464,3,1,88,28
1.3034,6,2,19,12
0.89807,6,2,23,13
1.6564,1,1,97,19
1.6775,4,2,22,29
5.2441,4,2,72,30
1.2363,1,1,88,20
2.4691,6,2,24,14
1.0626,6,2,50,15
1.2434,6,1,96,16
0.97217,3,2,21,29
3.8933,1,2,71,21
3.3757,3,2,65,30
1.0426,1,1,83,22
1.1979,1,1,81,23
1.1732,6,2,79,17
1.4588,1,2,75,24
2.0679,1,2,78,25
1.915,6,2,55,18
2.1136,1,2,77,26
1.4784,6,1,83,19
1.6371,6,2,78,20
1.63,6,1,83,21
1.2936,6,2,79,22
1.3022,6,2,81,23
3.5219,6,1,86,24
0.99857,1,1,89,27
2.5079,6,2,79,25
1.27,1,1,81,28
2.6382,1,2,77,29
1.2425,1,2,81,30
1.0387,6,1,86,26
1.0278,6,1,85,27
1.0638,6,1,83,28
1.1174,6,1,80,29
0.92696,6,2,44,30
