5.4047,6,1,50,1
4.818,4,1,50,1
10.633,4,2,10,2
8.0317,2,1,50,1
5.5436,3,1,50,1
5.1023,3,1,80,2
10.397,6,2,13,2
2.2085,5,1,50,1
3.2364,5,1,93,2
3.1161,4,1,96,3
3.4763,1,2,50,1
2.5952,1,2,28,2
3.2272,3,1,73,3
3.1194,3,1,69,4
1.8988,5,1,69,3
9.4975,3,2,26,5
2.487,5,2,13,4
2.915,4,2,16,4
8.3759,3,2,45,6
2.6649,4,2,24,5
2.0791,2,1,97,2
2.7868,5,2,19,5
4.1291,2,1,49,3
2.6383,5,1,67,6
1.7899,2,2,7,4
5.1019,2,1,46,5
1.2614,3,1,67,7
3.409,4,2,34,6
3.6374,2,2,12,6
4.2458,3,2,40,8
1.3287,1,1,87,3
1.3502,6,1,66,3
1.1704,3,1,55,9
2.6228,2,2,39,7
3.4892,4,1,64,7
2.2669,2,2,41,8
3.3964,5,2,27,7
3.1497,2,2,46,9
2.4485,5,2,41,8
3.9327,1,1,66,4
1.3833,6,2,9,4
5.0538,5,1,49,9
1.2069,2,1,48,10
1.1541,6,1,53,5
3.8603,2,1,47,11
1.6331,4,2,31,8
2.9725,5,2,29,10
5.0571,4,1,49,9
1.7465,2,1,42,12
1.6548,2,2,6,13
3.5912,6,2,17,6
6.0106,3,2,40,10
2.7283,3,2,45,11
3.4869,3,2,46,12
2.42,1,1,54,5
1.4655,6,1,51,7
3.0144,2,2,23,14
3.1424,1,2,33,6
1.8186,4,2,39,10
2.3886,3,1,47,13
1.9088,5,2,42,11
7.9339,2,2,31,15
2.1154,5,1,43,12
2.7902,5,1,42,13
1.3096,3,1,48,14
2.0785,4,1,46,11
1.4815,4,1,42,12
3.7931,4,2,39,13
4.1059,4,1,41,14
3.0202,3,2,46,15
2.4964,2,2,37,16
2.0535,2,2,39,17
7.4465,6,2,35,8
3.5803,6,2,32,9
4.3213,2,2,42,18
1.8617,4,2,40,15
3.0257,2,2,43,19
5.772,4,2,41,16
2.0711,2,2,49,20
2.2055,6,1,51,10
2.4655,2,1,89,21
3.4596,2,1,64,22
4.44,6,1,46,11
1.9045,6,1,33,12
2.7607,2,1,53,23
4.6905,2,1,46,24
6.5086,6,1,37,13
3.9379,2,2,35,25
9.9858,6,2,33,14
1.1917,2,1,45,26
2.0456,1,2,34,7
2.1248,6,2,35,15
1.1263,1,2,50,8
4.8046,1,2,61,9
1.7211,2,2,11,27
1.8265,6,1,81,16
3.6509,1,2,76,10
1.7227,1,2,66,11
2.7361,2,2,34,28
2.2659,6,1,64,17
5.026,2,2,39,29
3.8258,6,1,38,18
5.1492,2,2,42,30
2.2197,6,2,33,19
1.6605,6,1,35,20
3.5513,1,1,80,12
2.3089,1,2,74,13
1.7007,1,2,77,14
3.9146,1,1,90,15
3.6029,1,2,77,16
2.0894,1,2,80,17
1.7336,1,2,83,18
1.2674,1,2,92,19
2.2547,1,1,91,20
2.3529,1,2,16,21
1.4774,1,2,60,22
2.0172,1,2,73,23
3.5112,1,1,83,24
1.6878,1,2,69,25
3.6567,1,2,76,26
1.4878,1,2,78,27
1.8383,1,1,89,28
1.0074,1,1,88,29
1.3194,1,1,84,30
