4.2582,6,1,50
4.8413,4,1,50
4.3123,4,2,10
2.2331,2,2,50
6.8136,3,2,50
4.9367,3,1,80
6.945,6,2,13
4.9877,5,1,50
2.5549,5,1,93
1.6832,4,1,96
3.1181,1,2,50
3.2454,1,2,28
2.4215,3,1,92
1.8019,3,1,87
3.4523,5,1,69
3.3797,3,2,33
2.2576,5,2,13
1.3178,4,2,16
5.914,3,1,68
3.5388,4,2,24
3.7933,2,1,97
4.2411,5,2,19
3.4915,2,2,51
5.34,5,1,67
1.7454,2,2,57
1.9699,2,1,97
3.0039,3,1,78
7.4396,4,2,34
10.629,2,2,63
4.7685,3,2,49
6.4299,1,2,87
2.8396,6,1,66
7.2323,3,1,65
4.2622,2,1,87
6.2129,4,1,64
7.5924,2,1,89
1.97,5,2,27
8.1209,2,1,78
4.5416,5,2,41
7.5475,1,2,77
2.2053,6,2,9
6.9205,5,2,49
7.6826,2,1,84
4.4468,6,1,53
5.9834,2,1,79
1.9547,4,2,31
5.9853,5,2,43
2.0547,4,2,49
2.4074,2,2,60
1.5278,2,2,62
1.6624,6,2,17
2.47,3,2,49
2.5301,3,2,55
1.4603,3,2,52
2.5124,1,1,87
4.9803,6,1,51
4.6983,2,1,69
6.6633,1,2,80
2.5699,4,2,46
6.0697,3,2,56
2.9859,5,2,58
6.1742,2,2,68
5.8939,5,1,59
15.914,5,2,50
7.7691,3,2,62
1.7571,4,2,59
1.3509,4,1,91
1.4075,4,2,65
4.848,5,2,54
2.0477,4,1,73
1.5084,3,2,60
2.1469,2,2,69
2.2126,2,2,70
3.9799,6,2,35
2.0033,6,2,32
2.7704,2,1,83
4.8162,4,2,62
3.7126,5,1,57
1.7776,2,1,73
9.7667,4,2,65
2.4365,5,2,13
1.8213,5,2,14
2.489,2,1,70
13.437,6,2,51
11.025,3,2,62
3.1265,3,2,66
6.4683,1,2,81
2.94,5,2,35
2.3879,3,1,76
1.5835,5,2,37
3.8184,3,1,72
2.2283,6,1,71
10.913,4,1,66
2.4573,1,1,98
3.4168,3,2,70
2.7011,5,2,39
1.7286,5,2,54
4.1452,6,1,67
2.1642,3,1,97
1.1826,1,1,94
2.3658,1,2,82
9.5505,5,2,56
1.6945,6,1,58
11.519,3,2,68
3.7474,1,2,92
2.5523,3,1,81
1.7245,1,1,89
6.4752,3,1,79
6.0096,3,1,75
2.1583,3,2,68
1.7435,3,2,69
1.9158,1,2,37
5.58,3,1,75
1.4856,3,2,72
1.6617,6,1,50
1.7871,3,1,99
3.5421,3,1,83
2.0032,3,2,72
2.5459,3,2,73
6.5741,6,2,9
2.9859,6,2,40
3.2435,1,2,78
3.4147,3,1,88
2.2551,3,2,74
1.3154,1,1,84
2.1222,3,1,92
9.5106,6,1,50
2.6587,3,1,89
2.3484,3,2,74
2.1354,6,2,45
1.7901,1,2,6
3.2291,3,1,82
3.2029,1,2,27
2.992,6,2,48
3.127,3,1,80
6.3626,3,1,77
5.316,1,2,64
7.1769,3,2,76
1.3556,1,2,68
2.3347,3,1,78
4.0283,3,1,77
3.0617,3,2,75
1.6445,1,2,80
1.5174,1,2,84
1.5089,1,2,87
1.8421,1,1,96
3.5965,1,2,88
1.6541,1,2,89
1.3674,1,1,98
2.3337,1,1,97
6.8899,1,2,94
8.6944,1,1,90
1.5788,1,2,58
1.2788,1,2,76
0.98404,1,2,87
0.84005,1,2,88
1.7119,1,1,94
2.4825,1,1,93
1.6433,1,1,90
