4.6189,3,1,50
2.6155,4,1,50
1.343,6,1,50
1.8113,4,1,77
11.511,4,2,7
2.802,3,2,37
5.1102,4,1,66
1.1546,4,2,23
16.018,5,1,50
1.6571,4,2,22
1.4224,3,1,67
1.3726,3,1,46
6.103,3,2,1
1.3125,5,2,24
1.1173,3,2,14
16.708,5,1,43
1.9674,2,1,50
2.9897,3,1,42
1.6183,5,2,38
1.0957,5,2,44
1.2954,5,1,99
1.0879,2,1,79
0.75916,5,1,74
1.2887,4,2,38
0.81644,2,2,32
17.916,2,1,54
0.75743,1,1,50
2.8398,6,2,19
1.3129,5,1,66
0.77158,1,1,85
0.54859,6,1,70
2.476,5,1,63
1.1276,6,2,37
9.0527,5,1,44
1.0777,4,1,27
6.2879,4,2,4
2.0374,6,1,48
1.5123,6,1,43
1.9633,2,2,27
3.6933,5,2,42
3.5822,4,2,38
0.93699,4,1,73
6.5276,3,2,35
1.1631,2,1,50
1.2215,1,1,74
6.4978,4,2,44
1.5839,4,1,81
0.79848,3,2,37
1.6522,2,2,30
1.4769,4,1,57
1.6829,6,2,36
0.8966,2,2,34
1.4183,4,1,46
2.2482,1,2,47
5.9798,6,2,37
0.83498,4,2,38
1.0572,2,2,35
3.4203,3,1,45
1.5436,3,2,39
21.845,4,2,39
2.5125,3,1,42
0.73764,4,1,45
0.9341,2,2,34
3.5177,6,1,46
1.3707,3,2,37
2.4218,2,1,50
3.0983,1,2,64
1.5298,2,2,37
19.439,4,2,41
0.75153,2,2,38
3.9242,4,2,43
2.1334,2,2,47
1.1172,1,1,75
16.767,3,2,41
1.518,2,2,40
1.7616,3,2,39
1.2993,2,2,41
1.4326,1,2,54
1.5138,1,1,65
2.3779,6,2,40
3.3692,3,1,42
1.5826,1,1,55
2.3656,2,1,42
7.5705,3,2,40
6.3284,2,2,35
9.4818,1,2,3
4.341,6,1,42
1.9383,2,2,37
6.9873,2,2,39
0.73259,1,2,7
2.1013,2,1,47
4.2247,2,2,40
2.3094,2,2,43
2.2129,2,1,79
1.1817,2,1,71
1.4229,1,2,28
14.003,2,2,49
4.1214,6,1,41
1.7276,2,1,88
1.8981,2,1,85
1.4973,2,1,77
1.643,1,2,43
1.9947,2,2,44
1.6788,1,2,50
6.4273,2,1,48
2.6321,2,2,31
4.9745,2,2,33
2.4307,2,2,36
1.035,2,2,39
1.2867,6,2,39
1.867,2,2,41
1.832,2,1,46
1.6,1,2,56
5.5098,6,2,41
0.95353,2,2,12
0.77834,2,2,26
4.9991,2,2,38
9.98,2,2,43
7.4355,2,2,44
1.8348,2,2,47
1.0365,2,1,83
1.7682,2,1,50
14.553,2,1,47
1.3874,1,1,86
1.0028,1,1,80
1.4763,1,1,78
0.96815,1,1,73
1.0427,1,1,71
1.938,1,2,62
0.93839,1,1,84
0.86574,1,1,76
0.81776,1,1,74
1.642,1,1,66
2.2127,1,2,65
2.2123,1,2,66
3.4744,1,1,90
0.68315,1,1,86
0.65336,1,1,73
1.0477,1,1,69
1.336,1,2,65
242.16,1,1,67
