11.846,6,1,50,1
2.8514,4,2,50,1
1.7613,4,2,10,2
1.6762,2,2,50,1
1.6911,3,2,50,1
4.936,3,1,80,2
4.6116,6,2,13,2
4.1865,5,1,50,1
1.2519,5,1,93,2
1.1262,4,1,96,3
2.6165,1,2,50,1
2.0657,1,2,28,2
1.4759,3,1,92,3
1.6412,3,1,87,4
1.7514,5,1,69,3
2.0508,3,2,33,5
2.0355,5,2,13,4
1.3515,4,2,25,4
1.8547,3,2,68,6
3.561,4,2,37,5
1.4062,2,1,97,2
2.6608,5,2,19,5
2.1709,2,2,51,3
2.216,5,1,67,6
1.3908,2,2,57,4
1.4012,2,1,97,5
1.1559,3,1,86,7
2.0262,4,1,51,6
1.2105,2,1,63,6
2.7465,3,1,63,8
2.5615,1,1,87,3
2.0258,6,1,66,3
2.6359,3,2,45,9
1.396,5,2,27,7
1.071,2,1,86,7
2.0209,4,1,69,7
2.1809,3,1,57,10
1.5211,6,2,9,4
5.1413,4,1,59,8
1.321,2,1,72,8
2.6762,5,2,34,8
2.0911,1,2,66,4
1.4011,5,1,60,9
1.1261,2,1,71,9
2.0741,2,2,56,10
1.5609,4,2,39,9
2.2862,4,2,42,10
1.8909,3,2,5,11
2.3165,2,1,69,11
1.216,3,2,9,12
1.4411,6,2,18,5
2.2511,3,2,12,13
1.471,2,2,58,12
4.1708,2,2,66,13
2.2107,2,1,75,14
2.9415,4,2,48,11
4.041,3,1,58,14
1.3863,1,2,70,5
3.5107,5,1,41,10
2.8412,4,2,49,12
4.1711,2,1,74,15
1.237,3,2,50,15
1.2363,1,1,72,6
2.4358,3,2,55,16
2.0708,3,2,56,17
1.3818,4,2,52,13
1.0528,4,1,91,14
1.5929,4,1,66,15
2.5558,5,1,42,11
1.7651,4,1,56,16
2.2862,2,1,69,16
1.4962,2,1,67,17
1.8858,6,1,39,6
3.5366,6,2,29,7
3.1562,2,1,60,18
2.0114,4,1,51,17
3.9159,5,2,35,12
1.1856,2,2,17,19
1.9713,4,2,14,18
1.8307,5,2,36,13
1.4212,5,2,35,14
1.0962,2,2,33,20
1.2455,4,2,17,19
1.6005,4,2,35,20
1.8412,6,1,49,8
1.8961,6,2,19,9
2.2213,2,2,48,21
1.9456,2,1,54,22
2.5057,4,1,47,21
1.3215,5,2,38,15
0.93577,4,2,25,22
1.6362,5,2,41,16
3.3312,6,1,43,10
1.887,5,1,40,17
1.5112,2,2,43,23
1.4214,1,1,86,7
2.966,6,1,34,11
1.7762,1,1,76,8
2.5874,1,1,73,9
2.3262,5,2,33,18
2.3312,2,1,47,24
4.2712,6,1,33,12
3.206,5,1,40,19
1.4462,2,2,36,25
2.6209,5,2,34,20
2.3112,4,2,30,23
1.8814,1,2,70,10
2.3708,2,1,43,26
3.3309,6,2,29,13
1.8112,5,2,36,21
2.7159,4,2,43,24
3.0565,6,2,34,14
2.1009,4,1,51,25
1.971,4,2,47,26
1.67,6,1,50,15
1.7031,4,2,48,27
3.4464,2,2,18,27
3.0811,6,2,33,16
1.0861,4,1,94,28
2.1015,2,2,29,28
3.301,4,1,65,29
1.2157,4,2,52,30
1.7813,5,2,37,22
1.9663,2,2,40,29
2.6909,5,1,40,23
1.5111,1,2,73,11
1.151,2,2,46,30
0.97633,1,1,83,12
0.98608,1,1,78,13
1.5758,5,2,38,24
3.4161,6,2,36,17
3.4613,1,2,71,14
1.4007,6,1,69,18
1.6359,1,2,73,15
2.8064,1,1,74,16
2.2457,6,1,56,19
1.9158,6,2,34,20
1.8263,6,1,40,21
2.1107,6,2,35,22
1.9009,6,1,38,23
3.5845,6,2,36,24
