5.336,6,1,50
3.3117,4,1,50
2.6971,4,2,10
5.6927,2,1,50
3.4104,3,1,50
2.3946,3,1,80
2.2521,6,2,13
2.2003,5,1,50
1.7743,5,1,93
2.1674,4,1,96
3.0255,1,2,50
2.403,1,2,28
2.4789,3,1,73
3.1137,3,1,69
2.1533,5,1,69
2.6668,3,2,26
3.5388,5,2,13
1.8053,4,2,16
3.2286,3,1,45
1.8654,4,2,24
2.0391,2,1,97
1.8865,5,2,19
2.7444,2,2,49
3.8316,5,1,67
2.7273,2,2,14
2.0411,2,1,91
2.0172,3,2,48
2.5416,4,2,34
4.0319,2,1,33
1.9969,3,1,52
2.3375,1,1,87
2.5483,6,1,66
1.9835,3,1,41
2.2798,2,1,38
2.2272,4,1,64
2.0979,2,2,30
1.9317,5,1,27
1.5837,2,1,35
1.8806,4,1,31
1.7167,3,2,1
2.5753,1,2,66
2.0621,5,1,30
2.4552,2,1,31
2.0498,6,2,9
1.748,2,2,26
3.7941,4,1,50
1.4281,5,2,14
1.6576,4,2,27
2.4552,2,2,27
1.9751,2,2,28
1.7225,6,1,19
1.2881,3,2,6
1.6874,3,1,20
1.1442,3,2,5
1.5138,1,1,89
2.0031,6,1,48
1.3917,2,1,30
1.4908,1,1,55
1.4187,4,1,36
1.5218,3,2,14
2.2253,5,1,24
1.8097,2,2,11
2.0764,5,2,16
1.5936,5,2,17
1.471,3,1,29
1.2212,4,1,34
1.2475,4,1,33
0.90681,4,1,29
1.1602,5,1,22
0.91122,4,2,11
2.2963,3,2,19
1.5127,2,2,18
1.6409,2,2,21
1.347,6,1,31
1.2782,6,2,18
1.0859,2,1,25
1.7044,4,2,15
3.3936,5,2,21
1.0287,2,2,8
1.553,4,2,19
0.95763,5,2,20
2.9002,3,2,21
1.9019,3,1,66
1.9674,4,2,20
1.1962,4,1,23
1.4682,3,1,64
1.6759,5,1,24
1.746,2,2,15
2.943,2,2,20
2.528,4,2,20
2.4489,5,1,23
2.7859,2,1,27
1.9353,4,1,24
3.0394,4,1,22
1.2293,5,1,21
1.1756,2,1,20
0.73074,1,2,4
1.1355,6,1,31
1.0344,3,1,63
1.2186,1,1,45
1.4075,1,2,4
1.5947,2,2,6
1.4388,6,1,26
1.2962,3,1,23
0.98016,1,1,46
1.2411,3,1,21
1.1274,1,2,10
1.5456,4,2,14
2.1006,1,2,24
1.1551,2,2,19
2.3908,6,1,21
1.0816,2,1,21
1.329,4,1,20
1.9884,6,1,20
1.7875,4,1,21
1.1537,4,2,11
1.3163,6,1,15
1.7282,4,2,13
1.139,6,2,3
1.772,4,1,20
1.2079,4,2,16
1.5998,4,2,17
1.1763,4,1,18
1.6082,6,2,6
1.3112,4,2,5
1.2645,4,2,7
1.4764,1,1,46
1.4452,4,1,13
1.874,1,2,37
2.0165,4,2,11
1.385,6,1,15
1.7486,4,1,14
1.1773,1,2,40
1.7362,4,2,13
1.813,6,1,11
1.5493,1,1,42
1.3848,1,2,11
1.4444,6,2,10
1.3465,1,2,31
1.8463,6,1,12
1.5146,1,2,33
1.8109,1,2,40
1.841,1,2,42
1.3207,1,2,44
1.0969,1,2,86
1.3854,1,2,63
1.0153,1,2,67
0.96405,1,2,95
2.0376,1,1,98
1.3029,1,1,94
1.4497,1,2,11
1.7925,1,2,63
1.3154,1,2,79
1.5709,1,2,89
0.82529,1,2,90
1.493,1,2,95
1.757,1,1,99
2.3466,1,1,96
