11.52,5,1,50,1
2.5417,3,2,50,1
2.5835,5,2,47,2
2.9396,2,2,50,1
3.8482,2,2,77,2
4.3601,4,2,50,1
4.8497,4,2,55,2
2.1183,4,1,82,3
5.5349,5,2,24,3
1.2096,4,1,97,4
3.3058,4,1,71,5
1.5848,4,1,75,6
0.96768,5,2,42,4
1.5173,4,2,60,7
1.8335,2,2,55,3
1.7417,6,2,50,1
4.5447,4,2,66,8
7.1779,4,2,68,9
2.7646,6,1,65,2
6.0467,2,2,69,4
2.0932,3,2,61,2
2.5419,4,2,72,10
1.7302,6,2,22,3
1.7141,4,1,93,11
1.4345,4,2,70,12
6.0383,3,2,68,3
1.5318,4,1,90,13
3.0011,4,2,77,14
1.3713,5,2,57,5
1.4722,4,1,79,15
1.1964,3,1,87,4
2.1933,3,1,88,5
1.3231,3,2,62,6
1.1381,5,2,60,6
0.61434,3,1,69,7
4.3624,5,2,75,7
1.488,2,2,71,5
3.4217,3,1,81,8
1.2364,5,1,90,8
1.7393,5,1,83,9
4.7286,4,2,75,16
2.1838,3,2,75,9
3.2042,5,1,72,10
0.78763,1,2,50,1
2.2142,4,2,76,17
0.88333,3,1,92,10
0.82814,5,2,24,11
0.92945,4,2,77,18
0.68579,5,2,53,12
0.60836,1,2,11,2
0.47007,6,2,37,4
7.2208,5,2,72,13
0.7994,6,2,70,5
1.9145,5,1,73,14
0.96809,2,1,94,6
0.87293,6,1,79,6
0.74943,6,2,72,7
1.2054,2,1,90,7
0.81094,2,1,91,8
1.0912,1,1,88,3
0.85858,1,2,66,4
4.2221,2,2,82,9
4.244,2,1,80,10
0.65952,2,2,4,11
0.86363,3,2,72,11
0.71311,2,2,50,12
0.83461,2,2,70,13
1.0204,3,1,83,12
2.1299,1,2,74,5
1.7075,2,2,74,14
2.6701,1,2,70,6
1.9177,1,1,98,7
1.9626,6,1,87,8
2.5805,2,1,84,15
1.0421,1,1,94,8
2.1088,2,1,78,16
1.7702,1,2,93,9
2.7093,3,2,74,13
1.1205,2,2,27,17
1.2658,2,2,62,18
3.1608,6,1,85,9
1.9551,3,1,78,14
4.9968,2,1,80,19
0.97297,1,1,96,10
1.2466,2,2,65,20
0.94829,3,2,77,15
1.1106,2,2,68,21
0.5683,2,2,75,22
1.0004,1,1,85,11
0.90646,3,1,98,16
0.92865,2,2,76,23
0.92558,2,2,77,24
3.8206,2,2,80,25
0.50548,1,2,23,12
0.62915,1,2,58,13
0.55486,6,2,74,10
0.62346,3,2,75,17
0.49289,1,2,61,14
2.4224,2,1,79,26
1.255,3,2,82,18
1.8947,3,1,78,19
0.66438,2,2,55,27
0.55265,3,2,50,20
0.72413,1,2,63,15
0.71528,6,2,87,11
0.93534,2,2,58,28
0.66343,3,2,78,21
0.65285,2,2,61,29
0.66262,1,2,65,16
1.0334,3,1,81,22
0.57219,2,2,75,30
0.6934,3,2,79,23
1.1332,1,2,75,17
0.81353,6,1,92,12
0.65687,3,2,81,24
0.66324,6,2,82,13
0.85751,3,1,93,25
0.8906,1,1,82,18
1.1155,3,1,90,26
1.5806,3,1,86,27
1.086,1,2,57,19
1.3801,1,2,69,20
1.6706,3,1,84,28
1.2751,1,2,71,21
0.72241,3,2,81,29
1.5617,3,2,83,30
0.92404,6,1,84,14
2.3321,1,2,84,22
1.3007,6,2,35,15
3.2764,1,1,87,23
1.6758,6,1,84,16
2.3176,1,2,86,24
1.4911,1,1,97,25
2.8541,6,2,62,17
2.2491,1,1,96,26
4.6792,6,2,66,18
1.4153,6,2,74,19
1.494,1,1,93,27
1.0109,6,2,76,20
1.0463,1,1,88,28
1.1048,1,1,87,29
0.75821,1,1,86,30
1.8763,6,1,78,21
1.5806,6,2,3,22
0.75127,6,2,8,23
0.89931,6,2,35,24
1.0555,6,1,81,25
1.0749,6,2,70,26
2.2541,6,2,74,27
4.498,6,1,79,28
1.6605,6,1,75,29
1.0998,6,2,49,30
