2.6838,5,2,50,1
1.909,2,2,50,1
0.94758,1,2,50,1
1.6675,1,2,61,2
1.3109,2,2,55,2
1.1849,2,2,60,3
1.2278,2,2,57,4
1.2885,3,2,50,1
2.0674,2,1,80,5
3.5153,5,2,48,2
5.4178,4,2,50,1
2.7664,2,2,78,6
2.2109,2,1,98,7
9.3539,4,2,64,2
3.0381,6,1,50,1
1.7496,1,2,74,3
1.8547,6,1,73,2
2.4748,4,1,79,3
2.5932,2,2,65,8
1.6681,3,2,54,2
1.7206,3,2,65,3
6.9545,5,1,62,3
1.7487,3,1,84,4
2.0495,2,2,66,9
1.7649,5,1,77,4
1.5371,4,2,59,4
1.9035,2,2,87,10
2.5455,5,2,51,5
2.7246,3,1,75,5
2.2542,3,2,56,6
6.092,6,2,63,3
2.1173,6,1,68,4
8.4535,5,2,53,6
1.7517,4,1,88,5
1.9385,2,1,88,11
1.8313,2,1,87,12
1.7028,1,1,95,4
2.5451,1,1,96,5
7.4489,2,1,78,13
0.91251,2,1,87,14
2.2066,1,2,72,6
5.571,4,2,68,6
1.5149,5,1,66,7
2.7378,2,2,5,15
8.5257,2,1,73,16
2.1672,1,2,84,7
11.556,4,1,66,7
1.2177,5,1,65,8
5.8907,4,1,58,8
4.7917,5,2,55,9
1.8412,5,2,57,10
1.5883,4,2,26,9
3.0702,5,2,56,11
2.0256,1,2,89,8
2.8144,6,2,7,5
3.8972,5,2,63,12
3.5994,4,2,45,10
5.2244,5,1,62,13
2.5994,2,2,58,17
1.9984,5,2,37,14
2.0151,3,1,61,7
5.2787,5,2,39,15
3.1667,1,1,85,9
10.644,3,2,51,8
4.1441,4,2,52,11
2.0348,5,2,48,16
2.6298,2,1,73,18
14.388,3,1,64,9
3.0379,5,1,50,17
3.1688,6,1,49,6
2.1979,5,2,18,18
2.8953,2,2,66,19
2.5236,2,2,73,20
2.4929,3,1,52,10
1.9826,1,1,73,10
4.7326,3,2,47,11
1.4098,3,2,56,12
1.3438,1,2,57,11
1.8664,5,2,37,19
2.4833,4,2,59,12
1.6473,1,2,69,12
1.5226,3,1,89,13
1.9421,5,1,50,20
1.9142,1,1,71,13
1.9977,4,1,63,13
2.1437,4,1,60,14
2.3083,3,1,64,14
2.5043,3,1,53,15
3.0462,3,1,55,16
2.2526,5,2,46,21
19.755,5,2,47,22
4.9028,3,2,9,17
3.0145,5,1,49,23
2.7501,1,2,67,14
2.7075,6,1,27,7
3.0353,5,2,21,24
1.4933,5,1,43,25
2.3631,3,2,28,18
5.0076,5,2,5,26
1.298,5,2,13,27
1.9282,6,1,46,8
1.1072,1,1,69,15
1.9873,3,2,34,19
1.5832,3,2,45,20
1.8014,1,2,57,16
2.4587,6,1,25,9
2.7648,5,2,32,28
3.6332,5,2,42,29
2.5933,5,2,44,30
4.5334,3,2,47,21
1.3392,3,2,50,22
2.765,6,2,4,10
2.4937,3,1,54,23
1.7376,3,1,51,24
2.8111,3,2,8,25
1.4146,3,2,16,26
1.8756,6,2,14,11
1.5184,3,1,47,27
2.2477,1,2,70,17
1.6348,3,2,4,28
2.8816,6,2,17,12
1.1701,3,2,33,29
1.3421,3,2,44,30
1.7591,6,2,25,13
4.0687,1,1,91,18
2.9929,1,2,87,19
1.9407,1,1,98,20
3.3739,1,2,73,21
1.6405,1,1,91,22
2.3994,1,2,88,23
1.1595,1,1,92,24
2.0258,1,2,89,25
1.4078,1,1,95,26
1.5223,1,1,92,27
1.4614,1,2,89,28
1.4614,1,1,90,29
