2.274,3,2,50,1
1.0947,2,2,50,1
1.415,2,2,12,2
5.5555,4,1,50,1
4.3612,4,2,28,2
1.1687,3,2,5,2
2.0616,5,1,50,1
13.848,2,2,29,3
1.7829,3,2,17,3
2.4444,1,2,50,1
4.4873,2,1,69,4
4.0758,1,2,11,2
1.5928,5,1,87,2
1.7788,6,1,50,1
2.0616,5,2,6,3
2.9386,3,2,34,4
1.4288,6,1,98,2
3.2402,3,2,43,5
1.4203,1,1,94,3
5.3445,5,2,45,4
1.2193,1,1,86,4
1.351,3,1,70,6
5.9576,6,2,30,3
2.489,6,1,53,4
1.1843,3,1,94,7
1.9195,2,1,73,5
1.3742,1,2,26,5
1.2393,2,2,37,6
4.8937,4,2,50,3
3.4226,2,2,45,7
2.3013,4,1,62,4
3.8652,2,2,66,8
1.9903,5,2,34,5
7.3199,1,2,61,6
1.5469,5,2,38,6
1.7619,3,1,82,8
2.3126,6,2,15,5
2.2063,1,2,69,7
1.6457,4,2,34,5
2.4519,1,2,71,8
10.995,4,2,55,6
1.2965,2,2,53,9
1.8388,1,2,88,9
2.2011,4,1,91,7
2.5993,5,2,48,7
2.6866,4,1,80,8
2.7686,5,2,57,8
3.9389,5,1,66,9
9.1309,4,1,62,9
2.4301,5,1,50,10
1.5368,1,2,90,10
4.2545,6,2,28,6
2.2482,5,2,42,11
2.5111,4,2,56,10
1.7887,5,2,44,12
2.9282,2,2,68,10
1.5367,5,2,52,13
1.8203,3,2,61,9
5.4588,5,2,54,14
1.3856,1,2,89,11
2.3579,3,1,72,10
4.2782,4,1,70,11
2.0722,5,1,70,15
2.3017,2,2,71,11
6.9152,3,2,62,11
5.975,4,2,62,12
2.0844,4,1,98,13
1.7319,4,1,88,14
3.1346,2,1,85,12
2.9341,3,2,70,12
3.6725,1,1,97,12
3.2978,3,2,66,13
2.3299,3,2,70,14
1.6792,4,2,60,15
2.5407,1,1,94,13
2.2907,4,2,64,16
3.2825,2,2,73,13
9.1421,2,2,89,14
1.6653,2,2,76,15
4.3774,2,2,81,16
5.4972,5,2,54,16
3.1512,2,2,86,17
4.5717,5,2,63,17
3.3293,2,1,87,18
3.9173,2,2,55,19
5.9246,1,2,89,14
2.1975,6,2,45,7
1.8141,2,2,64,20
4.8874,5,1,80,18
3.5844,4,2,89,17
3.788,5,1,77,19
5.9635,2,2,74,21
2.8489,4,2,75,18
1.8348,2,2,81,22
2.1531,4,1,94,19
4.6138,2,2,83,23
2.0229,5,2,68,20
2.235,4,1,93,20
2.0824,1,2,92,15
3.7387,2,2,88,24
3.6235,4,2,83,21
2.3974,6,2,39,8
1.7424,1,2,98,16
2.9575,4,1,90,22
2.7576,2,2,96,25
6.5139,6,2,47,9
3.1476,2,1,91,26
4.8991,4,1,86,23
3.7649,5,1,91,21
1.7635,5,2,69,22
1.4857,4,2,39,24
5.9145,5,1,89,23
2.5353,5,2,75,24
2.1308,4,2,60,25
9.0253,1,2,93,17
4.4078,6,1,50,10
4.0705,4,1,88,26
1.84,1,2,99,18
4.4565,2,2,88,27
4.4152,5,1,95,25
4.6704,2,1,94,28
3.3767,2,1,90,29
5.5431,4,2,71,27
8.9661,5,1,88,26
4.1761,4,2,74,28
3.5161,5,2,76,27
6.9724,4,1,87,29
3.079,2,2,34,30
2.1073,5,1,95,28
8.9129,5,2,76,29
2.2285,6,2,46,11
10.565,4,1,81,30
2.0124,5,1,95,30
1.4377,6,2,49,12
2.3527,6,2,48,13
