13.639,6,1,50,1
5.2878,2,1,50,1
1.3029,1,2,50,1
3.8093,4,1,50,1
4.0104,5,1,50,1
3.0318,4,1,84,2
2.3418,1,2,25,2
2.9284,3,1,50,1
1.9558,5,1,68,2
1.3813,2,1,67,2
2.8958,2,1,48,3
1.9106,2,2,17,4
5.6706,6,1,24,2
2.0604,2,2,37,5
2.1795,4,2,32,3
1.922,3,1,77,2
2.1668,4,1,57,4
2.9513,2,2,26,6
6.3694,2,1,43,7
1.2607,3,1,50,3
2.6653,3,2,33,4
2.4471,5,1,32,3
2.7325,4,1,36,5
2.2568,2,1,39,8
1.9859,6,2,13,3
2.5972,4,2,27,6
1.8846,4,1,40,7
2.9017,6,1,32,4
1.7204,2,2,31,9
1.2139,3,2,21,5
1.4939,4,2,36,8
1.0626,6,2,7,5
1.4575,4,2,38,9
3.5989,4,1,42,10
2.9994,3,2,32,6
3.0085,4,1,41,11
2.7465,4,2,38,12
1.9012,5,2,13,4
3.2534,4,1,39,13
1.1386,5,2,12,5
1.3466,5,2,27,6
1.5596,3,1,44,7
1.12,2,2,32,10
1.483,5,2,29,7
2.3173,3,1,40,8
2.5046,3,1,42,9
2.9591,6,2,12,6
1.4173,3,2,34,10
1.9499,2,2,41,11
2.4465,5,2,36,8
1.4695,2,1,91,12
2.1737,5,1,71,9
0.94823,1,1,60,3
1.2663,3,1,41,11
1.1682,2,1,59,13
2.3415,6,2,19,7
1.5844,5,1,62,10
1.805,1,2,33,4
2.7321,6,1,26,8
1.2266,5,1,58,11
3.1518,6,1,20,9
2.0379,5,1,36,12
1.3921,1,1,91,5
4.1312,5,2,33,13
1.6742,5,1,36,14
1.8577,1,1,69,6
3.4522,3,1,35,12
3.0589,1,2,37,7
1.2529,1,1,57,8
2.4679,2,2,38,14
1.9463,2,1,42,15
3.8387,2,1,38,16
1.6876,3,1,39,13
1.6868,2,2,22,17
1.5044,5,1,35,15
2.075,3,1,36,14
4.2608,1,1,48,9
1.8494,2,2,31,18
2.7959,1,2,6,10
3.4935,5,2,10,16
1.8551,6,2,19,10
1.6524,5,2,12,17
2.9994,3,2,34,15
1.3562,1,1,53,11
1.981,2,1,37,19
4.1921,1,1,50,12
1.5672,5,2,24,18
1.64,1,1,43,13
6.0265,5,1,28,19
1.468,5,2,4,20
2.5759,5,1,35,21
3.048,2,2,13,20
1.5209,2,2,22,21
1.8012,6,1,24,11
3.0066,5,1,29,22
1.9997,2,2,25,22
3.6513,5,2,18,23
2.067,1,2,9,14
6.0279,5,2,19,24
2.155,2,2,27,23
1.6978,2,2,38,24
2.0741,1,2,26,15
1.5484,1,2,37,16
10.47,6,1,20,12
2.7663,2,1,41,25
2.1731,2,1,40,26
2.5499,1,1,38,17
2.5779,5,1,21,25
2.2426,2,1,39,27
2.6038,1,1,29,18
1.3171,5,1,20,26
1.7132,5,2,2,27
5.4616,1,1,30,19
2.1991,5,2,17,28
4.565,5,1,21,29
2.1213,5,2,17,30
1.499,1,2,2,20
2.8607,1,2,12,21
1.1728,1,1,26,22
1.7023,1,2,12,23
1.3042,1,1,23,24
1.4759,1,2,8,25
1.6106,1,2,16,26
1.9472,1,2,17,27
2.0904,1,2,25,28
1.843,1,1,76,29
1.7556,1,1,38,30
