16.746,6,1,50,1
6.7751,4,1,50,1
6.2686,4,2,10,2
5.7198,2,1,50,1
9.653,3,1,50,1
5.7552,3,1,80,2
3.8764,6,2,13,2
4.2717,5,1,50,1
4.7054,5,1,93,2
1.5982,4,1,96,3
4.4401,1,1,50,1
2.5746,1,2,28,2
4.6124,3,1,73,3
1.6514,3,1,69,4
1.4921,5,1,69,3
2.0666,3,2,26,5
2.1305,5,2,13,4
1.3936,4,2,16,4
2.3008,3,1,45,6
4.5795,4,2,24,5
1.9685,2,1,97,2
1.6743,5,2,19,5
1.0107,2,1,49,3
0.91674,5,1,67,6
1.3258,2,2,7,4
1.4894,2,1,46,5
0.80254,3,1,48,7
1.7517,4,2,34,6
1.1319,2,2,12,6
1.0588,3,2,17,8
1.3251,1,1,82,3
1.2083,6,1,66,3
2.4068,3,1,35,9
1.0116,2,1,39,7
0.92433,4,1,64,7
1.1817,2,1,38,8
1.0927,5,2,27,7
1.9396,2,2,28,9
1.1895,5,1,41,8
0.73895,1,1,44,4
1.3525,6,2,9,4
0.83785,5,1,36,9
1.502,2,1,37,10
0.74894,6,1,53,5
0.83081,2,1,33,11
0.87407,4,1,31,8
0.79883,5,1,21,10
0.62892,4,1,27,9
0.95072,2,2,15,12
0.9154,2,2,18,13
0.72434,6,2,17,6
0.97941,3,2,17,10
1.6563,3,2,26,11
1.0538,3,2,28,12
0.83734,1,1,22,5
1.3143,6,1,51,7
1.5411,2,2,26,14
1.3307,1,2,6,6
2.0226,4,2,12,10
0.90572,3,1,31,13
0.92045,2,1,30,15
1.0909,3,2,29,14
0.92704,1,2,8,7
1.7804,3,1,32,15
1.9591,3,2,30,16
1.5767,5,1,22,11
1.1813,3,1,31,17
2.1449,4,1,26,11
1.0937,5,2,17,12
0.98817,4,2,9,12
1.0771,2,1,31,16
1.2369,2,1,30,17
1.7542,6,1,35,8
1.2518,6,1,29,9
1.0676,2,2,27,18
1.1253,4,2,13,13
3.8632,5,1,20,13
1.9281,2,2,28,19
1.4071,4,2,17,14
1.5436,5,2,5,14
1.0557,4,2,18,15
1.8394,6,2,35,10
1.2448,4,2,20,16
1.818,6,1,62,11
1.2459,6,2,19,12
2.6093,4,2,25,17
2.7211,5,2,20,15
1.2433,6,1,53,13
1.5798,1,2,41,8
1.3716,6,1,49,14
0.83107,1,2,80,9
1.0238,6,1,37,15
1.6531,1,2,70,10
1.0681,1,2,90,11
1.503,6,1,32,16
1.1508,1,2,82,12
0.9411,1,2,84,13
0.75564,1,2,90,14
1.6263,6,1,23,17
1.6753,6,1,29,18
1.0824,6,1,12,19
1.6012,6,2,4,20
1.4133,6,2,7,21
1.1219,6,2,19,22
3.7714,1,2,92,15
1.483,1,2,94,16
0.93195,1,2,97,17
0.75568,6,2,89,23
2.6524,1,2,94,18
1.2285,6,1,62,24
1.6549,1,2,96,19
0.99961,1,2,97,20
1.9397,6,1,57,25
1.217,1,2,99,21
4.8207,6,2,29,26
2.4278,1,2,98,22
2.4137,6,1,38,27
4.3417,6,2,12,28
1.5761,6,1,41,29
5.5219,6,2,18,30
