24.714,6,1,50,1
1.1534,4,1,50,1
5.3911,4,2,10,2
2.0909,2,1,50,1
1.1304,3,1,50,1
1.852,3,1,80,2
5.3555,6,1,13,2
1.5146,5,1,50,1
0.97202,5,1,93,2
0.96878,4,1,96,3
1.2906,1,1,50,1
2.9442,1,2,28,2
1.721,3,1,73,3
1.0405,3,1,69,4
0.95376,5,1,69,3
1.7233,3,2,26,5
2.525,5,2,13,4
4.2167,4,2,16,4
0.94041,3,1,45,6
1.3302,4,1,24,5
1.1626,2,1,97,2
1.4087,5,1,19,5
1.4385,2,1,49,3
1.0719,5,1,48,6
1.1336,2,2,7,4
1.4023,2,2,46,5
1.1318,3,1,48,7
0.77737,4,2,19,6
0.94197,2,2,18,6
0.82743,3,2,17,8
1.3182,1,2,82,3
2.1683,6,1,33,3
1.0713,3,1,35,9
2.5547,2,1,42,7
3.266,4,2,35,7
1.0596,2,1,39,8
0.85169,5,2,12,7
2.2532,2,2,27,9
2.4368,5,1,28,8
1.2735,1,1,66,4
1.3781,6,2,4,4
2.1617,5,2,21,9
2.5749,2,2,41,10
1.1922,6,1,26,5
1.5319,2,1,88,11
1.2449,4,2,32,8
0.85918,5,2,20,10
0.98985,4,2,69,9
2.4069,2,1,46,12
1.4674,2,2,40,13
1.1951,6,2,5,6
1.703,3,2,17,10
1.4948,3,2,26,11
2.2119,3,2,28,12
2.0555,1,2,36,5
0.94215,6,2,25,7
1.3465,2,2,43,14
0.62492,1,2,42,6
0.76886,4,2,61,10
0.93673,3,1,31,13
1.2487,2,2,62,15
0.97968,3,2,29,14
1.0449,1,1,44,7
0.79771,3,2,32,15
1.0659,3,2,60,16
0.83665,5,1,70,11
0.87678,3,1,67,17
0.88803,3,1,60,18
0.86568,4,1,90,11
0.85733,2,1,82,16
1.1559,2,1,55,17
0.74168,2,2,52,18
0.84352,3,2,58,19
0.46401,6,2,60,8
0.7175,6,1,57,9
0.60474,2,1,54,19
0.72119,4,2,79,12
0.87274,5,1,60,12
0.90254,2,2,14,20
1.1381,4,1,77,13
2.8816,5,1,29,13
1.3547,5,2,20,14
1.0331,2,2,27,21
0.91556,4,2,7,14
1.2473,4,1,45,15
0.94401,6,1,59,10
0.95313,6,2,2,11
1.3336,2,1,40,22
0.90932,2,2,18,23
0.66475,4,1,52,16
0.58065,5,1,24,15
0.56921,2,1,44,24
1.359,4,2,26,17
0.83716,4,2,38,18
2.3193,5,2,21,16
0.70123,2,2,19,25
0.54306,2,2,41,26
1.2682,4,1,47,19
0.59204,4,2,42,20
0.79141,5,2,23,17
0.9145,2,1,99,27
1.5801,6,1,47,12
1.0651,5,1,86,18
1.2939,2,1,79,28
0.9646,5,2,26,19
1.4605,4,1,45,21
1.2858,4,1,43,22
2.0463,1,2,61,8
1.5022,2,1,55,29
1.9483,6,2,37,13
3.9243,5,2,28,20
1.6542,4,2,13,23
1.0829,6,1,55,14
1.2871,4,2,43,24
0.63169,2,2,46,30
0.43554,6,2,42,15
0.30643,5,1,46,21
0.3312,6,2,44,16
0.23649,5,1,39,22
0.33892,6,1,46,17
0.27116,1,1,99,9
0.37789,1,1,67,10
0.36013,1,2,58,11
1.635,5,1,35,23
0.96986,5,2,32,24
1.0289,5,1,58,25
0.87869,6,2,41,18
2.2178,1,2,59,12
1.001,5,1,44,26
1.0324,1,2,61,13
1.2416,6,1,42,19
3.5161,5,1,34,27
0.88987,1,1,65,14
1.1704,5,1,30,28
0.9003,5,2,8,29
1.2711,1,1,62,15
2.0375,6,1,21,20
1.9507,5,2,13,30
1.4384,6,2,9,21
2.4692,6,2,30,22
4.1672,6,2,38,23
1.2912,6,1,98,24
1.5318,6,1,52,25
1.3869,6,1,41,26
1.2546,6,1,38,27
1.3426,6,1,30,28
3.7986,6,2,20,29
1.8915,6,2,30,30
