2.7807,6,2,50,1
3.2569,4,2,50,1
3.6646,4,2,10,2
2.6765,2,1,50,1
3.7872,3,1,50,1
3.09,3,1,80,2
2.4388,6,2,13,2
3.1426,5,1,50,1
2.9938,5,1,93,2
2.5319,4,1,96,3
2.2273,1,2,50,1
2.2528,1,2,28,2
2.2047,3,1,73,3
2.2588,3,1,69,4
3.2472,5,1,69,3
3.5283,3,2,26,5
3.2972,5,2,13,4
3.0538,4,2,25,4
5.1993,3,1,45,6
2.4158,4,2,37,5
1.944,2,2,97,2
2.7005,5,1,19,5
3.6928,2,2,51,3
1.9893,5,1,48,6
4.1422,2,1,58,4
1.6788,2,1,90,5
2.752,3,1,48,7
2.0834,4,1,51,6
1.5109,2,2,23,6
2.6559,3,2,17,8
2.2878,1,1,87,3
2.0194,6,1,70,3
4.5263,3,2,35,9
2.0982,2,1,74,7
2.6263,4,1,69,7
3.6809,2,1,64,8
3.3109,5,2,12,7
4.3437,2,2,50,9
2.6117,5,1,28,8
4.5677,1,2,66,4
2.1696,6,1,24,4
2.8315,5,2,21,9
4.4238,2,2,63,10
1.9548,6,1,54,5
1.8525,2,1,92,11
4.4437,4,1,42,8
1.8531,5,2,20,10
2.805,4,2,28,9
2.3531,2,1,63,12
6.529,2,1,59,13
2.3587,6,2,10,6
3.1286,3,2,26,10
5.2355,3,1,33,11
2.1457,3,2,5,12
1.7785,1,1,72,5
4.0583,6,1,52,7
3.4307,2,2,26,14
1.9547,1,2,55,6
3.5466,4,1,37,10
5.028,3,2,15,13
1.6975,5,1,70,11
2.816,2,2,39,15
4.0119,5,2,29,12
2.111,5,2,27,13
3.3919,3,2,31,14
1.6351,4,1,31,11
3.7835,4,1,30,12
1.8534,4,2,12,13
2.1459,5,1,63,14
5.9971,4,2,19,14
2.0492,3,2,35,15
2.5742,2,1,48,16
5.3992,2,2,13,17
4.2731,6,1,34,8
3.6238,6,1,20,9
3.1162,2,2,33,18
5.0035,4,1,21,15
2.9351,5,1,47,15
2.0352,2,2,40,19
2.4261,4,2,8,16
3.9918,5,2,31,16
1.7171,3,1,48,16
1.8734,3,1,42,17
2.3983,2,1,46,20
2.1808,4,2,10,17
6.0035,6,1,24,10
2.6454,6,2,1,11
2.1389,2,2,23,21
1.9602,2,2,31,22
2.3481,4,1,18,18
2.054,5,1,95,17
3.0127,3,2,38,18
2.0009,1,2,56,7
1.8582,3,1,80,19
3.3499,4,2,10,19
6.7332,4,2,19,20
1.7698,5,1,89,18
2.7452,2,2,43,23
2.3695,4,1,33,21
5.3036,4,1,25,22
2.9029,4,1,18,23
6.0266,5,1,31,19
2.3549,2,1,48,24
2.4449,6,1,19,12
2.1489,3,1,76,20
1.4967,1,1,79,8
3.3866,3,1,53,21
1.389,1,1,59,9
1.944,3,1,50,22
2.4288,2,1,46,25
4.3073,6,2,13,13
2.8141,3,1,45,23
1.5403,3,2,37,24
3.3359,1,2,29,10
2.0432,3,1,45,25
3.8922,3,1,41,26
1.4906,4,2,2,24
2.9278,4,2,11,25
1.9212,6,2,14,14
1.5948,4,2,12,26
5.2808,2,1,44,26
2.4507,6,2,15,15
1.8099,4,2,18,27
3.5497,2,2,17,27
2.2629,2,2,29,28
3.6851,3,2,38,27
3.0465,2,2,39,29
1.7655,6,2,16,16
2.2817,2,2,43,30
1.5031,1,1,61,11
3.052,3,1,40,28
2.0908,1,1,43,12
3.5788,6,2,19,17
1.2745,1,2,4,13
1.783,1,2,19,14
1.5539,1,2,29,15
1.475,1,2,47,16
1.4639,1,2,69,17
1.3942,1,2,56,18
1.697,1,2,81,19
1.5152,1,2,82,20
2.9174,1,1,91,21
3.7286,1,1,89,22
2.5059,1,1,84,23
1.4613,1,1,81,24
5.4479,1,2,70,25
1.6475,1,1,80,26
1.4159,1,2,51,27
1.349,1,2,55,28
4.6853,1,2,71,29
1.4739,1,2,76,30
