4.7873,3,1,50,1
2.8004,2,1,50,1
2.5229,2,2,12,2
2.5146,4,1,50,1
5.5816,4,1,28,2
2.2898,3,2,5,2
4.8333,5,1,50,1
1.6387,2,2,19,3
1.9254,3,2,12,3
3.0345,1,2,50,1
1.7877,2,1,62,4
2.0818,1,2,11,2
1.7765,5,1,87,2
2.6789,6,1,50,1
2.7867,5,2,6,3
4.0138,3,2,25,4
1.6465,6,1,98,2
2.059,3,2,24,5
1.7632,1,1,94,3
3.1779,5,1,45,4
1.58,1,1,86,4
1.2932,3,1,59,6
2.6561,6,1,30,3
2.0428,6,1,27,4
2.46,3,2,55,7
3.0183,2,2,43,5
2.3095,1,2,26,5
4.0414,2,2,27,6
2.9162,4,2,25,3
2.0074,2,2,34,7
3.6359,4,2,23,4
2.1974,2,1,55,8
1.9526,5,2,17,5
1.492,1,1,61,6
1.5209,5,2,9,6
1.2075,3,1,82,8
1.4452,6,2,9,5
3.2579,1,1,53,7
2.9143,4,1,28,5
2.2486,1,2,36,8
2.4976,6,2,10,6
4.8455,5,2,17,7
2.5434,5,1,28,8
2.1743,4,1,27,6
2.4773,5,2,17,9
2.6529,2,2,37,9
1.8936,3,1,51,9
1.438,3,2,3,10
5.9575,2,2,49,10
2.1426,3,2,35,11
2.7489,5,2,37,10
2.228,1,2,38,9
1.617,4,2,26,7
3.2892,2,1,45,11
2.0824,3,1,53,12
6.0814,4,2,25,8
2.4952,5,2,21,11
3.7722,1,1,56,10
1.961,4,2,27,9
1.7875,5,1,98,12
2.7132,1,2,45,11
8.8954,3,1,47,13
2.6397,3,1,28,14
1.9454,2,2,6,12
2.1053,1,2,53,12
2.2496,2,2,19,13
2.6955,6,1,20,7
2.9464,5,1,49,13
2.3715,2,2,43,14
2.1709,2,2,50,15
7.4927,5,1,33,14
1.7406,1,2,52,13
1.5387,3,2,7,15
8.1309,3,1,31,16
2.4752,2,1,89,16
2.9188,1,2,55,14
1.8546,5,2,15,15
2.2564,2,2,51,17
1.921,2,2,57,18
2.5538,3,2,26,17
1.7869,2,1,59,19
1.7591,2,1,58,20
1.2574,6,2,17,8
1.6814,3,2,28,18
2.6991,2,2,52,21
1.5828,1,2,73,15
2.9801,6,1,22,9
2.0821,2,2,54,22
2.5285,5,2,27,16
1.6364,2,1,56,23
3.9001,3,2,30,19
3.6775,3,2,50,20
6.2141,5,1,36,17
1.5021,2,2,30,24
3.6418,3,2,55,21
1.9728,6,1,15,10
2.3969,5,1,31,18
3.1462,5,2,25,19
1.511,3,1,83,22
2.3335,5,1,26,20
1.397,5,2,5,21
2.2981,2,2,31,25
1.6114,1,1,86,16
1.6189,2,2,56,26
2.7177,3,1,57,23
3.5947,3,2,54,24
2.0751,1,2,80,17
2.279,6,2,9,11
2.3654,5,2,18,22
2.2274,5,2,26,23
2.5674,5,2,27,24
2.3789,3,2,55,25
2.4374,5,2,76,25
3.9289,5,1,50,26
4.0206,6,2,11,12
1.7465,5,1,65,27
1.5586,6,2,15,13
2.0679,1,2,98,18
4.4064,5,2,41,28
3.6419,5,1,50,29
3.8886,6,1,16,14
1.9572,1,1,88,19
3.3888,1,2,63,20
2.0521,1,1,88,21
2.8486,5,2,46,30
2.9163,1,1,86,22
1.7246,1,2,47,23
2.0041,1,1,86,24
2.0214,1,2,51,25
1.1368,1,2,76,26
1.4647,1,1,84,27
1.8111,1,2,33,28
1.8108,1,2,59,29
7.1455,1,2,60,30
