2.0247,2,1,50
1.2121,1,1,50
3.1757,4,1,50
1.5417,5,1,50
1.9228,2,2,6
1.1006,2,1,83
1.5791,1,1,51
1.8263,4,2,9
1.3004,5,1,91
1.5435,4,1,73
2.5911,5,1,26
2.2765,5,2,17
2.6162,4,1,29
1.1813,5,2,5
1.4416,1,1,34
1.9678,6,1,50
1.7999,5,1,38
2.0667,4,2,24
0.96586,5,2,9
1.4088,2,1,62
1.9635,5,1,26
2.1636,3,1,50
1.354,5,2,10
0.86762,1,2,4
1.706,3,1,69
3.7623,4,2,22
3.5858,5,1,16
2.0383,2,1,46
1.5362,3,1,38
0.80284,5,2,3
1.4131,6,1,68
1.2686,5,2,10
2.9426,2,2,27
1.649,2,1,47
1.7134,5,1,17
2.4244,1,2,39
1.3924,3,2,5
2.2586,3,1,30
3.8919,2,1,39
1.1141,1,1,69
1.425,5,2,13
5.6622,4,1,36
1.2689,1,2,32
2.3402,2,2,11
4.0964,2,1,22
1.6923,5,2,15
2.0535,2,2,10
4.5824,6,1,29
2.8002,3,1,29
1.7569,6,1,35
1.1876,3,2,5
1.1742,3,2,7
2.3794,4,1,24
3.1823,2,2,16
2.6444,3,1,30
4.778,4,1,23
1.4079,3,1,22
1.9491,3,2,12
2.62,3,1,15
3.3358,1,1,37
2.584,4,1,20
2.7845,3,2,13
1.539,2,1,33
2.0234,2,1,28
3.0772,2,2,17
2.659,4,1,22
1.0713,6,2,6
1.3411,1,2,11
3.1387,2,1,19
4.3712,4,1,15
1.3271,2,2,12
2.8548,6,2,19
3.1648,2,2,15
1.1985,4,2,8
1.8744,2,2,21
2.2878,4,2,13
3.3747,3,2,14
2.7448,3,2,17
3.4068,4,2,18
1.0898,3,1,84
1.3181,4,1,69
2.0477,2,1,24
2.9507,3,2,18
4.5826,3,1,29
2.8232,3,2,19
1.5196,4,1,34
2.6139,2,1,22
2.3174,1,2,34
3.0331,1,1,37
2.7087,4,2,18
2.0029,1,1,36
1.1637,3,1,87
2.6328,4,1,24
1.4392,3,1,61
7.6992,6,1,25
1.7521,1,1,34
3.5257,1,1,29
3.2751,4,1,20
5.1919,2,1,20
2.4591,1,1,32
1.151,6,2,7
3.5857,6,2,15
1.8822,6,1,28
1.2976,2,2,5
1.8856,3,1,28
1.3609,1,2,3
2.9335,3,1,24
2.0586,3,2,20
2.0804,2,2,10
3.1905,1,2,24
2.2053,1,1,31
1.4095,2,2,13
1.5097,3,1,52
5.5597,2,2,15
4.5499,6,1,25
2.5613,1,1,27
1.2192,1,2,14
1.5625,3,1,40
1.7951,2,1,20
1.9706,2,2,18
1.3138,1,2,15
7.7115,6,2,16
1.4375,3,1,23
1.4884,3,1,22
1.6943,3,2,19
3.4269,3,1,21
1.3288,6,1,23
1.5448,6,1,21
3.5355,6,2,18
2.1055,1,2,22
2.5776,6,1,20
4.2019,1,1,24
0.89446,1,2,2
4.0148,1,2,25
1.2517,1,1,50
1.2336,1,1,32
1.6144,6,2,18
4.2069,1,1,31
5.8203,6,1,20
2.3707,1,2,28
1.3053,1,1,58
1.8205,1,1,38
1.7103,1,1,34
1.3643,1,1,26
0.90477,1,2,15
2.7206,1,1,27
1.346,1,2,18
2.5984,1,1,26
0.90703,1,2,18
4.4496,1,1,21
1.1568,1,1,24
1.8338,1,2,18
1.9656,1,1,22
2.8659,1,1,20
0.95884,1,2,8
1.3908,1,2,10
1.3355,1,2,15
2.3957,1,1,21
1.5085,1,2,19
