3.9281,6,1,50,1
1.9295,4,1,50,1
3.996,4,1,10,2
1.5462,2,1,50,1
1.3558,3,1,50,1
1.1261,3,1,80,2
2.3355,6,1,13,2
1.0905,5,1,50,1
1.0965,5,1,93,2
0.9562,4,1,48,3
1.131,1,1,50,1
1.5162,1,1,28,2
1.2206,3,1,73,3
1.2012,3,1,69,4
1.0118,5,1,69,3
1.4205,3,1,26,5
1.7659,5,1,13,4
4.2561,4,2,8,4
1.816,6,1,33,3
1.0909,2,1,97,2
1.846,4,2,6,5
3.2312,6,1,11,4
1.5956,2,1,73,3
1.1355,2,1,19,4
1.761,6,2,7,5
2.7512,2,1,41,5
0.97551,3,1,32,6
0.92555,4,1,35,6
1.0957,5,1,14,5
0.94054,4,1,33,7
2.621,4,2,8,8
1.5556,2,1,25,6
0.90117,1,1,41,3
2.326,5,1,11,6
1.7058,2,1,14,7
1.5743,4,1,27,9
1.0161,3,1,27,7
1.1859,6,2,5,6
2.1808,4,1,21,10
1.7564,2,1,11,8
1.0505,5,2,4,7
1.8569,1,2,14,4
2.0231,5,1,11,8
2.1382,2,1,13,9
0.91636,2,2,3,10
1.3954,4,2,9,11
1.5611,4,1,10,12
1.1517,3,2,2,8
5.4259,2,1,11,11
1.0308,1,1,16,5
0.88076,3,2,6,9
1.6012,6,2,6,7
1.4407,5,2,5,9
2.041,3,1,14,10
4.9515,6,1,9,8
1.0259,1,1,25,6
0.87604,5,2,7,10
0.90616,2,2,3,12
0.97083,3,2,4,11
1.4765,5,2,5,11
1.3214,2,2,8,13
0.85573,5,2,6,12
1.0655,3,1,16,12
1.3743,3,2,9,13
1.7861,5,1,11,13
0.99641,3,1,11,14
0.87604,3,1,12,15
0.7462,2,2,6,14
1.311,2,2,8,15
2.7656,2,2,11,16
2.0805,3,1,11,16
1.6313,3,2,8,17
1.7105,6,1,11,9
1.3261,2,2,9,17
3.4471,5,1,10,14
1.1506,3,2,9,18
1.3606,1,2,6,7
1.3564,1,2,11,8
1.8206,6,1,8,10
3.971,6,2,7,11
1.6354,5,2,7,15
2.5807,1,1,24,9
1.6157,5,1,11,16
0.97594,5,2,7,17
3.3061,5,2,10,18
3.1109,1,2,14,10
0.956,5,2,8,19
1.8332,5,1,10,20
2.2863,1,1,21,11
1.5911,1,2,19,12
0.93635,1,1,59,13
1.5258,1,1,20,14
1.5457,1,2,16,15
1.471,1,1,20,16
1.3005,1,1,19,17
1.2961,1,1,18,18
1.5358,1,2,8,19
1.0762,1,2,15,20
1.9162,1,1,16,21
0.84627,1,2,5,22
0.71624,1,2,8,23
1.4907,1,2,14,24
0.87105,1,2,16,25
