13.647,2,2,50,1
1.0055,1,2,50,1
1.6892,5,2,50,1
1.5756,4,2,50,1
0.70444,3,2,50,1
0.54404,2,2,14,2
0.73947,2,2,18,3
0.75878,3,2,15,2
0.90261,4,2,74,2
1.0176,1,2,53,2
0.58357,2,2,54,4
0.87742,3,2,78,3
0.95359,5,2,48,2
2.3647,5,2,69,3
0.59849,6,2,50,1
0.86535,3,2,94,4
1.3185,2,2,60,5
1.727,4,2,85,3
0.93064,2,2,94,6
1.6303,5,2,61,4
0.92377,3,2,96,5
0.91006,2,2,68,7
2.5492,3,2,97,6
0.68456,1,2,67,3
0.78334,6,2,33,2
4.1098,5,2,93,5
9.59,1,2,93,4
1.0455,6,2,80,3
3.3927,5,2,96,6
1.0006,6,2,76,4
1.6956,5,2,95,7
0.63898,4,2,97,4
3.8397,4,2,86,5
0.48812,6,2,90,5
1.0282,6,2,95,6
0.54185,2,2,72,8
5.9104,5,1,98,8
1.4388,4,2,96,6
1.6194,1,2,96,5
0.65796,2,2,96,9
0.7125,1,2,94,6
0.4635,4,2,98,7
2.6544,4,1,99,8
4.1686,3,1,98,7
1.5306,2,2,95,10
1.7451,4,1,98,9
2.74,2,2,96,11
2.4696,1,2,98,7
4.209,1,2,99,8
2.3996,6,2,96,7
1.1572,2,2,97,12
2.1424,6,1,99,8
1.3329,3,1,99,8
2.1747,5,2,96,9
1.612,3,2,97,9
1.8455,2,1,98,13
1.2456,5,1,98,10
1.2708,6,2,97,9
3.1137,6,1,98,10
1.8151,2,1,99,14
4.3899,2,1,97,15
4.9673,6,2,97,11
