5.214,6,1,50
7.1894,4,1,50
5.6342,4,2,10
6.1491,2,1,50
1.7011,3,1,50
5.1096,3,1,80
2.854,6,2,13
9.555,5,1,50
2.4151,5,1,93
13.61,4,1,96
4.6625,1,2,50
3.4666,1,2,28
1.7813,3,1,73
1.5126,3,1,69
1.9074,5,1,69
2.1784,3,2,26
2.0081,5,2,13
5.5489,4,2,16
2.5238,3,1,45
1.1345,4,2,24
8.1121,2,1,97
1.582,5,2,19
2.3489,2,1,49
14.809,5,1,67
5.7536,2,2,7
8.8269,2,1,46
3.7533,3,1,48
3.8105,4,2,34
1.8663,2,2,12
1.0527,3,2,17
3.4288,1,1,87
1.5588,6,1,66
12.067,3,2,35
1.7604,2,2,39
1.9539,4,1,64
3.8368,2,2,41
2.4355,5,2,27
2.774,2,1,46
0.91311,5,1,41
1.2614,1,1,66
1.3532,6,2,9
2.1694,5,2,36
3.1876,2,1,45
2.608,2,1,42
6.1114,2,1,41
1.8172,4,2,31
1.3064,4,2,36
1.0621,3,2,26
1.5784,2,1,42
1.0838,3,2,28
8.5037,6,1,53
3.3814,3,2,29
2.2025,2,2,40
1.9329,3,1,46
4.0598,1,1,54
1.203,6,2,31
1.9625,3,2,33
1.1623,1,2,33
1.2177,5,2,29
1.36,4,1,45
6.3282,4,2,39
2.1289,5,1,43
2.0081,5,2,30
1.1979,3,1,44
3.0631,4,1,41
9.5474,4,1,43
5.662,4,2,39
1.2684,5,2,36
2.5876,4,1,40
2.2475,3,2,37
2.9919,5,2,40
3.3681,3,2,40
6.129,3,2,39
0.94328,6,2,36
4.0607,3,1,40
2.2668,5,2,37
7.6316,3,1,42
1.5176,1,2,39
3.1336,1,2,46
5.8913,3,1,40
3.033,6,1,41
2.4696,6,2,35
3.8805,6,2,36
5.6423,5,2,38
7.8322,5,2,39
2.6125,5,2,42
1.7613,1,1,65
1.7317,6,1,47
2.0162,5,1,60
1.2621,5,1,56
2.4683,6,1,43
8.7343,1,1,60
1.149,1,1,56
2.1424,5,1,40
2.5802,6,1,41
1.0694,5,2,34
1.3195,5,2,35
3.5511,1,1,51
14.422,6,2,39
8.7241,5,2,41
2.8666,6,2,41
2.2027,5,1,56
3.8908,1,2,54
2.3944,5,1,51
2.1386,5,1,47
1.0174,5,1,45
0.89331,1,1,78
0.98981,1,1,62
25.114,1,1,57
26.318,5,1,44
1.7674,5,1,43
12.092,5,1,41
4.9924,1,2,50
3.2985,1,2,52
6.9213,1,2,55
1.9249,1,1,75
11.704,1,1,58
1.7331,1,1,56
