5.2281,6,1,50,1
1.8113,4,1,50,1
4.4946,4,2,10,2
3.0162,2,1,50,1
1.2657,3,1,50,1
3.2657,3,1,80,2
2.1906,6,1,13,2
1.0656,5,1,50,1
1.726,5,1,93,2
0.97057,4,1,96,3
3.8957,1,2,50,1
8.9417,1,2,28,2
1.0309,3,1,73,3
1.3414,3,1,69,4
1.6107,5,1,69,3
3.5313,3,2,26,5
1.7261,5,2,13,4
2.4611,4,1,16,4
1.4063,3,1,45,6
1.7016,4,2,8,5
1.3304,2,1,97,2
2.5105,5,1,19,5
1.7705,2,1,49,3
1.6058,5,1,48,6
2.0557,2,2,7,4
3.1562,2,1,46,5
1.6413,3,1,48,7
2.1556,4,2,17,6
1.556,2,2,12,6
1.5456,3,2,17,8
1.9312,1,1,87,3
1.7764,6,1,33,3
4.0913,3,1,35,9
5.8811,2,2,39,7
1.1963,4,1,59,7
2.576,2,2,41,8
3.0157,5,1,12,7
1.7462,2,2,46,9
1.4357,5,2,9,8
2.516,1,1,66,4
13.951,6,2,4,4
3.426,5,1,14,9
2.5712,2,1,48,10
1.1408,6,1,26,5
1.5605,2,1,47,11
1.8207,4,2,18,8
0.88642,5,2,9,10
1.1863,4,1,63,9
0.95055,2,1,42,12
2.1275,2,2,6,13
1.7412,6,2,5,6
3.1115,3,2,17,10
2.1407,3,2,26,11
2.5359,3,2,28,12
1.796,1,1,54,5
1.7264,6,1,25,7
1.7863,2,2,23,14
1.5764,1,2,33,6
2.2965,4,1,35,10
2.9765,3,2,31,13
1.9761,5,2,12,11
3.8359,4,1,30,11
1.4607,4,1,19,12
1.3062,1,1,34,7
0.73091,3,1,37,14
1.7263,3,1,32,15
7.2264,3,1,34,16
1.1759,3,1,33,17
2.4109,2,2,31,15
2.5257,2,2,36,16
1.9159,2,1,44,17
1.5008,3,2,32,18
3.1863,6,1,16,8
1.1114,6,2,9,9
2.541,2,1,37,18
4.4562,2,2,11,19
1.7961,2,2,30,20
1.6964,1,2,50,8
1.8361,1,2,51,9
2.9464,2,2,31,21
3.3907,2,1,36,22
1.4313,6,1,16,10
2.2557,6,2,5,11
1.7511,2,2,18,23
1.9407,2,2,24,24
1.0662,6,2,14,12
13.984,2,2,33,25
1.7558,6,1,90,13
1.9114,2,2,36,26
0.92582,1,1,96,10
1.8508,6,1,58,14
0.88131,1,1,73,11
0.73591,1,1,66,12
1.4312,6,1,44,15
0.86041,1,1,58,13
1.261,1,2,51,14
0.94085,1,2,54,15
11.387,6,1,32,16
0.8963,6,1,30,17
1.5164,6,1,18,18
1.3964,6,1,11,19
1.1809,6,2,2,20
1.7114,6,1,11,21
1.9659,1,1,99,16
2.0758,1,1,71,17
1.5655,1,2,63,18
1.0704,6,2,10,22
10.136,1,1,57,19
1.3759,1,2,17,20
0.95582,1,2,29,21
2.2465,1,2,49,22
0.8309,1,2,55,23
3.4064,1,2,56,24
2.7608,1,1,60,25
2.0259,1,1,58,26
