3.827,4,1,50
3.6148,5,1,50
2.4029,5,1,63
2.7271,2,1,50
2.8839,3,1,50
6.3016,4,2,46
2.1222,4,2,39
2.5456,3,2,3
1.9571,1,2,50
3.4045,2,2,9
2.0938,5,1,39
1.5827,4,1,89
2.0161,2,1,90
3.1247,2,2,49
1.9079,4,1,83
1.4622,6,1,50
3.6015,5,1,37
1.7238,2,1,81
2.988,3,2,8
1.7926,2,2,12
2.7626,5,2,23
2.9368,4,1,44
3.982,5,2,34
2.3716,2,2,55
1.7243,3,2,7
2.8068,2,1,71
3.4066,2,2,57
1.4288,6,2,9
2.924,4,1,36
2.165,3,2,29
1.5325,2,1,93
2.9838,6,1,56
1.5112,3,1,72
1.639,4,2,39
2.6023,3,2,15
4.2594,4,2,37
2.7372,2,1,84
1.792,1,2,15
5.3672,2,2,68
2.3168,3,1,43
3.275,2,1,89
3.4286,6,1,31
4.462,5,1,29
1.8829,2,2,58
2.4881,5,2,14
3.3292,2,1,85
3.0557,3,2,19
3.6972,4,1,61
1.5771,6,2,1
3.7326,5,1,33
3.1764,5,2,26
2.8531,5,1,29
1.5312,5,2,27
3.5243,3,1,43
3.0247,3,2,25
0.99045,6,2,16
1.6646,3,2,27
1.1888,4,1,39
1.0177,6,2,13
2.2494,3,2,28
2.339,1,2,79
1.8933,3,1,31
1.8782,1,1,95
4.1466,2,1,67
1.3826,1,1,65
3.9893,3,2,38
3.6979,3,1,74
2.2377,2,2,39
2.4367,1,2,86
2.9838,3,1,56
2.6543,1,2,79
4.4394,3,2,46
3.8772,3,1,72
1.7495,2,2,42
2.5972,3,1,59
1.4493,2,1,66
2.3628,6,1,40
2.2731,1,1,93
3.671,6,2,32
1.9878,1,1,83
3.102,2,2,26
3.5296,3,2,44
2.2825,6,1,51
1.9174,3,1,59
2.8119,3,1,57
2.0614,6,2,26
7.9902,3,1,54
1.7897,2,2,38
1.6516,1,2,13
2.7648,2,1,64
1.9974,1,2,23
2.645,2,2,38
2.8571,3,1,52
3.9033,3,1,46
1.1921,1,2,28
3.985,1,2,66
1.7687,6,1,39
2.1935,6,1,31
1.2436,2,2,49
1.7331,1,2,68
1.442,1,2,79
1.3334,1,2,85
2.9019,6,1,25
3.2839,2,1,59
3.283,2,1,32
1.6542,2,2,2
1.5234,1,1,94
5.1217,6,1,5
1.5933,2,2,27
2.6963,1,2,91
3.5273,1,2,85
2.6008,6,1,24
2.1671,2,2,34
2.4116,2,1,73
3.2289,1,2,87
1.6734,1,2,89
2.4668,1,1,94
5.4869,2,2,61
5.2814,6,1,19
6.0468,1,1,90
2.839,2,1,64
2.4317,1,2,88
3.3025,2,1,59
2.4283,6,1,11
2.1729,2,2,1
2.6834,1,2,89
3.8386,2,2,43
3.3175,6,2,3
1.2389,6,2,4
1.5179,6,2,5
2.4254,2,2,47
1.9028,6,2,11
2.2242,6,1,76
1.9711,2,2,58
2.2739,6,2,6
3.9148,2,1,60
2.5766,6,2,15
3.5837,6,1,43
2.0428,6,1,33
1.0989,6,1,30
4.9416,6,1,16
1.581,6,1,11
1.003,6,1,15
2.3166,6,2,2
2.8935,6,2,8
1.538,6,2,11
1.3375,6,2,12
1.2129,6,2,66
2.6906,6,2,37
1.5452,6,1,89
5.2032,6,1,56
1.8431,6,1,64
2.4878,6,1,24
1.0865,6,1,48
2.4125,6,1,29
1.9784,6,2,5
2.7922,6,1,19
2.8755,6,2,5
2.5691,6,1,20
1.438,6,2,10
1.6574,6,1,19
2.7579,6,2,14
2.8076,6,1,18
1.5123,6,2,13
1.7075,6,1,18
3.0447,6,1,15
1.0913,6,2,7
2.3836,6,2,11
1.1924,6,2,12
3.5231,6,1,16
1.7823,6,2,13
1.815,6,1,16
1.2073,6,1,13
2.1126,6,2,2
1.4232,6,2,12
2.2678,6,2,14
1.6998,6,1,31
1.5378,6,1,26
1.7178,6,2,14
1.551,6,1,23
2.1655,6,2,16
2.754,6,1,43
1.1532,6,1,29
1.2401,6,1,16
