1.972,6,2,50,1
2.009,4,2,50,1
1.774,4,2,10,2
1.562,2,2,50,1
2.1281,3,1,50,1
2.6515,3,1,80,2
2.7998,6,2,13,2
2.8977,5,2,50,1
1.9227,5,1,93,2
1.4294,4,1,96,3
2.1421,1,2,50,1
1.0138,1,2,28,2
1.6615,3,1,73,3
1.0965,3,1,69,4
1.2107,5,1,74,3
1.0676,3,2,26,5
1.3344,5,2,17,4
2.7568,4,2,25,4
0.97877,3,2,45,6
1.2408,4,2,37,5
1.1769,2,2,97,2
4.6945,5,2,38,5
0.88987,2,1,75,3
0.91201,5,1,91,6
1.6666,2,2,15,4
2.1816,2,2,94,5
2.3944,3,2,67,7
1.158,4,2,51,6
0.71991,2,1,81,6
0.83161,3,2,64,8
0.7226,1,1,87,3
2.2008,6,1,70,3
0.83243,3,1,84,9
0.94951,2,1,71,7
0.5858,4,1,77,7
0.94404,2,2,64,8
0.78534,5,2,51,7
0.95814,2,1,75,9
1.5315,5,2,68,8
1.0527,1,2,66,4
0.73302,6,2,24,4
1.1099,5,2,73,9
2.9677,2,1,74,10
0.70412,6,1,83,5
0.67501,2,1,72,11
1.0455,4,2,58,8
1.1283,5,1,70,10
0.76508,4,1,76,9
0.94985,2,2,65,12
0.77976,2,2,66,13
1.4146,6,2,35,6
1.3404,3,2,64,10
0.98766,3,1,71,11
0.73849,3,1,65,12
0.95435,1,1,72,5
0.77737,6,1,80,7
1.7272,2,2,69,14
1.255,1,2,55,6
1.2517,4,2,61,10
0.83229,3,2,16,13
1.9151,5,2,46,11
1.4168,2,1,70,15
1.0961,5,2,51,12
0.60053,5,2,53,13
1.3992,3,2,44,14
1.2169,4,1,72,11
0.7078,4,1,73,12
0.81981,4,2,64,13
0.81321,5,2,63,14
0.95455,4,2,65,14
1.2939,3,2,51,15
0.8016,2,2,26,16
0.66955,2,2,36,17
0.53384,6,2,61,8
1.3942,6,2,63,9
0.51407,2,2,51,18
0.66404,4,2,66,15
0.98791,5,1,69,15
1.034,2,2,56,19
0.88193,4,2,67,16
0.64099,1,2,56,7
0.98717,3,2,55,16
0.83213,3,2,62,17
0.96968,4,2,68,17
1.0755,4,1,70,18
0.75814,6,1,80,10
1.7285,6,1,62,11
1.4546,2,1,61,20
1.8199,2,2,23,21
0.8177,4,2,69,19
1.8952,5,2,16,16
1.8537,3,2,67,18
0.94948,1,1,85,8
0.77285,3,1,89,19
0.69139,4,1,70,20
4.3448,5,1,65,17
2.944,2,2,57,22
2.0169,3,1,87,20
0.96781,5,2,40,18
1.2213,1,1,78,9
1.3678,1,2,71,10
1.7282,5,1,55,19
2.6961,2,2,69,23
1.0965,6,1,56,12
1.012,3,2,69,21
1.9567,1,2,72,11
2.7046,5,1,53,20
1.3359,3,1,81,22
0.75236,2,1,87,24
0.87852,6,2,40,13
1.3303,3,1,76,23
4.4017,3,2,69,24
1.1063,1,2,74,12
1.5994,3,1,76,25
1.2785,3,2,73,26
1.1849,5,2,3,21
1.4946,2,1,72,25
0.75012,2,1,62,26
1.8711,5,2,38,22
1.8999,3,1,99,27
1.6664,2,2,2,27
1.7718,3,1,83,28
0.99627,3,1,72,29
2.1712,2,2,59,28
1.0636,2,2,63,29
0.68528,2,1,73,30
1.3757,6,2,44,14
0.86791,6,2,57,15
0.73952,1,1,93,13
0.84921,3,2,9,30
1.8433,1,1,81,14
2.0067,5,2,49,23
1.3847,5,2,53,24
1.7344,1,1,73,15
0.87954,6,1,95,16
1.3936,1,2,20,16
0.70935,1,2,34,17
1.0075,6,1,81,17
0.90401,1,2,58,18
1.1142,6,1,56,18
1.0438,1,2,61,19
1.3743,6,2,15,19
1.8508,6,2,24,20
2.099,6,1,45,21
1.0498,1,1,68,20
2.9485,6,2,12,22
2.9031,1,2,30,21
1.8992,1,2,53,22
1.1743,1,2,68,23
2.3697,6,1,55,23
1.3785,6,2,26,24
1.707,1,2,70,24
0.81656,1,2,72,25
2.2215,6,1,41,25
1.6308,6,2,31,26
1.8606,6,2,43,27
1.287,6,1,72,28
0.84538,1,1,96,26
1.7423,6,1,59,29
1.6335,6,1,55,30
2.3653,1,2,86,27
0.76782,1,2,75,28
0.84432,1,2,90,29
0.48795,1,2,93,30
