2.7749,2,1,50
4.5289,5,1,50
7.9744,1,1,50
2.2517,3,1,50
0.86974,3,1,61
4.1462,2,1,80
3.019,1,1,67
4.7961,5,2,40
1.2967,4,1,50
1.4341,1,2,28
1.569,2,2,10
1.2933,2,2,25
2.7502,5,1,53
2.3021,2,2,28
2.3096,5,2,29
1.3942,2,2,29
2.9164,2,1,60
2.8654,1,2,10
2.4014,6,1,50
1.9228,2,2,36
4.5181,5,1,42
2.8886,4,2,13
3.2171,5,1,47
2.5042,2,2,41
1.3421,3,2,47
0.86083,3,2,34
1.2781,1,2,49
2.0015,4,2,29
0.80995,3,2,46
1.3922,5,2,40
5.2947,2,2,47
2.5012,2,1,54
5.2013,2,2,42
1.8592,5,2,45
2.978,2,2,44
1.9821,4,1,96
6.2151,5,1,71
1.9077,3,1,50
2.3767,3,2,48
1.0652,4,2,16
0.99729,6,2,40
4.1693,3,1,47
1.2467,2,1,54
1.0032,4,1,91
1.5376,3,2,13
1.5864,3,2,27
4.5013,5,2,44
1.8695,6,1,79
1.4045,5,1,58
2.4513,6,1,35
4.3274,4,2,70
1.0835,1,2,39
3.0228,5,1,53
3.4039,5,1,47
2.8146,6,2,11
2.3098,2,2,45
1.6414,4,1,56
1.9163,5,2,46
2.2288,3,2,46
1.6062,6,2,21
1.4792,5,1,64
1.4578,4,2,13
1.2773,2,2,48
2.3636,5,1,52
1.2144,1,2,51
0.8142,1,2,90
5.1702,4,2,43
1.8936,5,2,45
2.7418,2,1,50
2.5383,1,1,97
3.3988,6,1,44
2.6503,6,2,29
6.6507,6,1,43
1.3144,4,2,64
3.7516,4,1,67
1.5333,4,2,62
5.5803,4,1,66
1.7256,1,1,56
1.5133,3,1,49
2.4633,3,2,47
1.2375,2,2,48
8.301,5,1,51
1.6735,1,1,65
15.271,5,2,50
1.9107,5,2,48
2.8132,4,1,64
1.3175,5,1,86
1.6078,1,1,55
1.1689,5,1,77
1.2018,5,1,51
2.7653,6,1,40
3.9032,1,2,27
2.1683,6,2,36
8.6145,5,2,49
1.4248,6,1,88
1.7239,6,1,84
1.2235,6,2,41
1.8383,6,1,71
2.1889,6,2,47
1.7686,1,2,42
1.8429,6,1,43
1.7288,1,2,47
1.8074,1,2,48
3.4048,1,1,55
1.253,1,1,50
1.3136,1,2,17
0.97979,6,2,2
2.5398,1,1,52
2.1281,6,2,34
1.2693,6,2,47
1.2929,1,2,37
3.6678,6,1,74
1.3628,6,1,69
1.7906,1,2,44
4.4759,6,1,60
1.387,6,1,57
1.0979,6,1,55
2.1379,1,2,47
1.3374,6,1,50
1.8221,1,1,50
0.99839,1,2,47
1.2156,6,1,48
1.4792,1,1,49
2.8004,6,1,46
3.7706,6,2,9
2.4679,6,2,33
1.7504,1,2,44
2.8583,1,2,45
1.1525,1,2,49
5.0493,6,2,44
1.1432,6,2,46
