6.0049,2,2,50,1
2.014,3,2,50,1
1.0597,2,2,54,2
1.6716,5,2,50,1
0.84305,4,2,50,1
2.0822,2,2,75,3
1.9426,2,1,98,4
0.63686,4,2,64,2
0.76963,6,2,50,1
0.64278,1,2,50,1
0.86086,6,2,73,2
1.1984,4,2,79,3
1.5569,2,2,61,5
1.0744,3,2,54,2
0.69742,3,2,65,3
0.7794,5,2,27,2
1.1528,3,2,84,4
1.0285,2,2,62,6
0.77062,5,2,68,3
0.76753,4,2,70,4
0.73351,2,2,87,7
0.56805,5,2,56,4
0.49786,2,2,85,8
0.84586,4,1,91,5
1.009,2,1,90,9
2.1397,3,2,81,5
1.4645,5,1,92,5
0.85374,2,1,97,10
0.79487,2,1,92,11
1.0538,1,2,86,2
0.62334,3,1,98,6
1.8496,2,2,86,12
0.6689,3,2,81,7
0.60109,3,2,83,8
0.63404,2,2,87,13
0.51455,4,2,80,6
0.85333,5,2,88,6
0.62274,2,2,90,14
0.74297,2,2,91,15
0.69295,1,2,62,3
0.74794,4,2,81,7
0.57794,5,1,97,7
1.3965,4,1,95,8
0.76925,5,2,76,8
0.86164,5,2,83,9
0.52411,4,2,86,9
0.43319,5,2,84,10
0.53782,1,2,87,4
0.8139,4,1,88,10
0.96731,2,1,97,16
2.836,3,2,88,9
0.84324,4,1,82,11
0.95424,5,1,94,11
0.41459,3,1,94,10
1.1316,4,2,65,12
1.6988,2,1,91,17
1.9398,5,1,93,12
1.451,4,1,83,13
1.4441,3,1,89,11
0.79489,4,2,69,14
0.72402,5,2,86,13
0.62534,6,2,93,3
1.0278,5,2,88,14
0.56713,6,2,85,4
0.7029,5,2,90,15
0.94103,1,1,97,5
0.76443,3,2,86,12
0.5782,3,2,91,13
1.475,1,2,95,6
0.56526,4,2,70,15
0.65551,4,2,79,16
0.57162,1,2,87,7
1.0024,3,1,97,14
0.58874,5,1,92,16
0.95134,1,2,89,8
0.93852,4,2,80,17
0.63203,4,2,81,18
0.71777,3,2,91,15
1.0422,6,2,88,5
0.78571,3,1,95,16
1.4975,5,1,91,17
1.3254,5,1,89,18
0.78651,3,1,92,17
0.72445,5,2,54,19
0.84055,1,1,99,9
0.61593,6,1,93,6
0.6869,5,2,70,20
2.1967,5,1,86,21
0.98167,1,1,92,10
0.9866,5,2,9,22
1.8046,6,2,99,7
0.47774,1,2,80,11
0.57327,1,2,94,12
0.48297,6,1,97,8
1.3295,5,2,50,23
0.57712,5,2,73,24
0.83578,5,2,77,25
1.0293,5,2,85,26
0.99347,5,1,86,27
1.2834,6,2,16,9
0.87261,6,2,53,10
0.71427,1,2,99,13
0.87957,6,2,63,11
0.57805,1,2,97,14
0.67334,1,1,99,15
0.82912,6,2,73,12
0.46497,6,2,94,13
0.58495,6,1,97,14
0.90348,6,1,94,15
1.0056,6,2,34,16
1.371,6,1,94,17
2.8302,6,2,80,18
0.80338,6,2,85,19
0.72945,6,1,92,20
7.0491,6,2,10,21
0.81899,6,2,63,22
0.76879,6,2,88,23
1.3528,6,1,94,24
0.89111,6,1,89,25
1.3988,6,2,51,26
1.2396,6,2,64,27
1.1429,6,2,65,28
0.92041,6,2,66,29
0.77659,6,2,83,30
