1.4982,2,2,50,1
0.78108,3,2,50,1
0.61967,2,2,54,2
1.1372,5,2,50,1
0.7474,4,2,50,1
0.49237,2,2,75,3
0.82412,2,1,98,4
0.5037,4,2,64,2
0.58859,6,2,50,1
0.62305,1,2,50,1
1.1603,6,1,73,2
0.83391,4,1,79,3
0.43291,2,2,61,5
0.4232,3,2,54,2
0.52015,3,2,65,3
0.48702,5,2,27,2
0.75818,3,1,84,4
0.64692,2,2,62,6
0.70276,5,2,68,3
0.56578,4,2,59,4
0.71791,2,1,87,7
0.54118,5,2,56,4
0.38767,2,2,77,8
0.47785,4,1,88,5
0.4082,2,1,83,9
0.47479,3,2,75,5
0.57877,5,2,92,5
0.71761,4,2,69,6
1.0084,2,1,86,10
0.53424,2,2,85,11
0.60857,1,1,86,2
0.93556,1,2,90,3
1.9957,2,2,78,12
0.69316,1,2,65,4
0.56018,4,2,71,7
0.76145,1,2,75,5
0.60878,6,2,86,3
2.8848,5,1,86,6
0.73333,5,2,34,7
0.73303,4,2,83,8
1.3097,5,2,35,8
0.55574,2,2,85,13
0.57453,3,2,97,6
1.3506,3,2,77,7
1.1792,2,1,95,14
0.85652,3,1,91,8
0.89876,5,1,81,9
1.009,1,2,77,6
1.0445,4,1,89,9
0.96603,2,2,86,15
0.98096,3,2,86,9
0.53263,4,2,73,10
0.49196,5,2,4,10
0.42578,1,2,95,7
1.3551,4,1,85,11
0.90489,3,1,93,10
1.0449,5,1,84,11
0.81949,4,1,80,12
1.0104,3,2,87,11
1.3768,2,1,87,16
1.7439,4,2,19,13
0.64033,5,2,20,12
1.0949,6,2,77,4
0.76719,5,2,39,13
0.43055,6,2,87,5
0.88101,5,2,58,14
0.72987,3,1,88,12
0.93355,4,2,25,14
0.6585,4,2,50,15
0.44968,5,2,71,15
0.99337,1,1,94,8
0.70773,4,2,52,16
0.86994,4,2,74,17
0.56053,1,2,1,9
0.58325,3,2,25,13
1.2268,5,1,80,16
0.74095,1,2,14,10
0.5937,4,2,75,18
0.51355,4,2,78,19
0.52272,3,2,46,14
0.67076,3,2,49,15
2.567,4,2,83,20
0.67268,5,2,57,17
0.87169,4,1,88,21
0.71502,5,2,78,18
0.48202,3,2,90,16
0.96541,4,2,82,22
0.70199,3,2,93,17
0.68279,3,1,91,18
1.4025,6,2,89,6
0.9174,5,2,80,19
0.67592,4,2,86,23
1.0084,1,1,88,11
0.92525,4,2,91,24
1.1151,6,1,93,7
0.79194,1,2,77,12
1.2398,4,1,99,25
1.1513,3,2,61,19
0.99987,1,1,91,13
1.8262,6,1,90,8
0.68491,4,1,90,26
0.96658,1,1,90,14
0.9354,4,2,40,27
0.6159,3,2,74,20
0.70928,4,2,61,28
0.52958,3,2,89,21
0.655,3,2,92,22
1.1286,4,2,80,29
0.62994,1,2,87,15
0.84364,3,2,93,23
0.77956,4,2,84,30
0.67445,6,2,87,9
0.83469,3,1,99,24
0.86949,1,1,88,16
1.848,3,1,93,25
2.1104,6,2,88,10
