30.363,6,2,50,1
12.16,4,2,50,1
5.1232,4,2,10,2
1.6589,2,2,50,1
8.2397,3,2,50,1
1.5524,3,1,80,2
1.9458,6,2,13,2
6.0913,5,2,50,1
2.51,5,1,93,2
2.4486,4,1,96,3
7.8531,1,2,50,1
1.6659,1,2,28,2
1.7424,3,1,92,3
4.5268,3,1,87,4
1.7681,5,1,74,3
2.1362,3,2,33,5
2.6629,5,2,17,4
2.0209,4,2,25,4
2.5483,3,1,68,6
2.3057,4,2,37,5
3.134,2,1,97,2
10.392,5,2,38,5
2.8188,2,2,51,3
1.6067,5,1,91,6
2.547,2,2,57,4
1.136,2,1,97,5
1.9522,3,1,78,7
2.8228,4,2,51,6
2.0641,2,2,63,6
2.874,3,2,49,8
4.0724,1,2,87,3
7.5213,6,2,70,3
17.015,3,2,65,9
3.8393,2,1,87,7
2.7493,4,1,77,7
2.2106,2,1,89,8
2.7838,5,2,51,7
2.5617,2,2,78,9
1.5405,5,2,68,8
2.4888,1,2,77,4
3.8558,6,2,56,4
2.1109,5,2,73,9
5.6841,2,1,87,10
4.9032,6,1,90,5
1.6137,2,2,82,11
1.5077,4,2,58,8
2.564,5,2,70,10
3.1807,4,2,76,9
3.2955,2,2,79,12
2.8877,2,1,80,13
10.514,6,2,64,6
2.1579,3,2,50,10
3.1738,3,2,59,11
1.2657,3,2,61,12
2.1598,1,2,87,5
1.5528,6,1,98,7
12.675,2,2,36,14
1.9131,1,1,89,6
7.0744,4,1,73,10
2.8865,3,1,65,13
2.4462,2,2,54,15
2.4704,3,2,63,14
2.4602,1,2,88,7
2.2682,3,2,66,15
5.6637,3,1,80,16
2.632,5,2,83,11
5.1133,3,1,73,17
5.143,3,2,71,18
8.6942,4,2,56,11
1.4119,2,2,77,16
2.3785,2,2,80,17
2.7523,2,2,86,18
1.5974,3,1,98,19
3.6259,3,2,76,20
1.799,3,1,97,21
3.6365,3,2,74,22
1.9891,4,2,69,12
2.9829,2,2,83,19
13.788,3,1,88,23
2.5848,2,1,88,20
1.6817,6,1,84,8
1.4656,4,2,75,13
2.7668,6,1,83,9
1.7677,2,1,87,21
2.3171,4,2,79,14
2.6395,6,1,75,10
1.893,6,1,65,11
3.8325,2,2,85,22
5.2678,4,2,85,15
2.223,4,1,82,16
2.6522,5,1,94,12
5.5818,3,1,81,24
1.4986,1,1,99,8
5.2927,3,2,79,25
1.6182,4,2,42,17
5.7957,4,2,79,18
1.2694,5,1,92,13
2.5209,6,2,60,12
2.2636,3,1,98,26
3.8159,1,1,96,9
1.942,1,2,88,10
5.8335,5,1,74,14
2.0264,4,1,80,19
1.5827,3,2,77,27
2.9014,1,1,95,11
1.6583,3,2,86,28
3.1748,1,1,89,12
1.3844,4,2,53,20
2.11,4,2,65,21
1.236,6,2,71,13
1.8184,3,1,96,29
1.689,6,2,69,14
2.0859,3,2,85,30
3.9422,6,2,71,15
2.269,5,2,12,15
2.4715,4,2,70,22
2.261,6,1,83,16
1.2393,4,2,78,23
4.2936,6,1,73,17
2.6675,5,2,59,16
6.9916,4,1,82,24
2.528,4,1,79,25
1.4983,4,2,20,26
1.6093,5,2,74,17
4.401,5,1,77,18
1.3914,4,2,36,27
1.0371,4,2,37,28
1.1285,4,2,57,29
1.9896,4,2,72,30
1.765,5,1,76,19
