2.181,6,2,50,1
2.4111,4,2,50,1
2.5419,4,2,10,2
2.2041,2,2,50,1
2.1615,3,2,50,1
3.5857,3,2,80,2
3.6072,6,2,13,2
2.57,5,2,50,1
7.3384,5,1,93,2
1.8587,4,1,96,3
2.6206,1,2,50,1
2.4292,1,2,28,2
3.556,3,1,96,3
2.2479,3,1,98,4
3.7118,5,2,74,3
2.8658,3,2,68,5
2.3083,5,2,59,4
2.0098,4,2,25,4
2.775,3,2,87,6
2.3053,4,2,37,5
3.1511,2,1,97,2
1.5052,5,2,70,5
1.8051,2,2,51,3
2.6611,5,1,99,6
3.2452,2,2,57,4
1.6512,2,1,97,5
1.6046,3,1,97,7
1.0938,4,2,51,6
2.1172,2,2,63,6
4.6322,3,2,86,8
3.6133,1,2,87,3
3.3026,6,2,70,3
3.7556,3,1,92,9
2.1887,2,2,87,7
1.9444,4,2,77,7
2.1679,2,2,90,8
2.8708,5,2,77,7
2.907,2,1,94,9
2.401,5,2,85,8
1.7682,1,2,77,4
1.3062,6,2,56,4
13.242,5,1,89,9
1.6721,2,1,96,10
6.0536,6,1,90,5
2.1103,2,2,94,11
1.214,4,2,59,8
2.2149,5,2,78,10
2.1561,4,2,82,9
4.6383,2,2,91,12
9.3595,2,1,92,13
1.751,6,2,64,6
1.3988,3,2,86,10
6.6279,3,1,89,11
1.2548,3,2,87,12
0.96636,1,2,87,5
1.748,6,1,98,7
2.7625,2,2,39,14
2.6554,1,2,89,6
1.8903,4,2,86,10
2.7132,3,2,88,13
6.5069,5,2,87,11
5.0126,3,1,90,14
2.8908,1,2,88,7
3.71,3,2,89,15
4.285,4,1,95,11
2.6275,5,2,90,12
3.6113,5,1,95,13
3.3746,6,2,84,8
3.8718,4,2,89,12
2.0071,2,2,58,15
2.8397,2,2,88,16
2.0563,6,1,95,9
2.96,6,2,81,10
3.0035,2,2,89,17
2.0013,4,1,92,13
1.7061,5,1,91,14
2.0293,2,1,90,18
2.4639,4,2,88,14
3.7883,5,1,88,15
1.8514,5,2,3,16
1.9219,2,2,29,19
4.1555,4,1,89,15
7.5413,4,2,90,16
2.4498,6,1,95,11
3.4497,6,2,82,12
2.8752,2,2,58,20
1.4835,2,2,69,21
2.2312,4,1,96,17
1.4366,5,2,46,17
2.4172,4,1,92,18
1.7224,5,2,86,18
1.3706,6,1,92,13
1.4237,5,2,88,19
2.1177,4,1,90,19
1.7955,2,2,86,22
3.5178,2,2,91,23
5.5432,1,1,99,8
2.9923,1,2,96,9
5.6372,2,1,97,24
1.1834,6,2,88,14
3.0607,1,2,95,10
5.5789,1,1,96,11
8.1427,2,2,95,25
1.9077,2,2,91,26
4.1405,2,2,92,27
1.5105,6,2,89,15
1.6353,2,1,96,28
4.5738,6,1,92,16
7.8192,2,1,94,29
2.99,2,2,12,30
5.4175,6,2,90,17
3.0881,6,1,89,18
1.2951,6,2,66,19
3.0243,1,2,97,12
1.9549,1,2,98,13
1.5987,1,1,99,14
3.2827,6,2,87,20
2.2177,6,2,89,21
