2.144,1,2,50,1
2.6014,3,1,50,1
3.6845,4,1,50,1
2.7486,4,1,63,2
2.7908,3,1,84,2
1.2895,2,2,50,1
2.472,1,2,12,2
2.137,4,2,23,3
0.99319,4,2,44,4
1.1671,3,2,16,3
1.7493,2,2,15,2
0.97856,4,2,41,5
1.5382,6,1,50,1
1.6543,2,2,33,3
2.1833,4,1,50,6
1.8232,5,1,50,1
1.4036,5,1,74,2
2.1495,5,1,69,3
2.1791,2,2,44,4
1.7239,1,2,68,3
0.95372,2,2,66,5
2.2976,4,2,41,7
2.8172,5,2,54,4
1.6949,1,1,97,4
1.2704,3,1,72,4
1.4975,6,2,8,2
4.7223,6,1,54,3
2.2603,3,1,65,5
1.1535,2,1,67,6
2.0338,1,2,59,5
1.5042,2,2,59,7
2.4599,4,2,49,8
1.278,2,1,68,8
1.9415,4,2,47,9
1.6775,2,2,66,9
1.0497,5,2,35,5
1.5841,1,2,80,6
1.1643,5,2,40,6
3.2458,3,2,50,6
1.3747,6,2,16,4
1.0371,1,2,82,7
1.5177,4,2,48,10
1.3528,1,2,86,8
1.3313,6,2,23,5
3.4475,5,2,52,7
2.6912,5,1,68,8
2.0758,5,2,52,9
1.5527,3,2,38,7
0.97728,3,2,40,8
3.9691,3,2,55,9
1.3764,5,1,63,10
1.2904,1,2,83,9
2.7986,5,1,53,11
4.2498,3,1,95,10
1.4598,5,2,6,12
1.2037,6,2,36,6
2.7479,3,2,79,11
1.3449,5,2,17,13
4.6777,1,2,97,10
2.1958,3,1,72,12
2.538,1,2,89,11
1.6628,5,2,31,14
2.723,6,1,50,7
1.1847,5,2,38,15
1.2735,6,2,35,8
2.5733,5,2,45,16
2.0549,3,2,12,13
1.8629,3,2,30,14
2.0564,1,2,93,12
1.2249,1,2,95,13
1.4805,5,2,49,17
1.1539,1,2,97,14
2.3282,3,2,52,15
3.2184,5,1,52,18
7.6747,1,2,98,15
1.0808,3,2,61,16
1.2066,6,2,38,9
2.1198,1,1,99,16
2.6364,3,2,64,17
4.2342,3,1,79,18
2.3272,5,2,37,19
1.1442,5,2,43,20
1.0583,3,2,66,19
0.86787,5,2,49,21
1.6721,3,2,71,20
3.6261,6,2,40,10
3.1712,5,2,51,22
1.7471,3,2,76,21
1.7248,6,1,43,11
3.0736,3,2,78,22
2.0807,3,1,89,23
1.9828,6,2,44,12
2.0207,6,2,79,13
3.4315,3,1,78,24
1.307,6,1,89,14
2.0607,6,1,64,15
1.519,6,2,18,16
1.1882,6,2,34,17
1.184,6,2,70,18
1.4495,6,1,65,19
1.5773,6,2,5,20
2.4378,6,2,28,21
1.2403,6,1,68,22
1.4844,6,2,59,23
1.5978,6,1,62,24
1.6622,6,1,50,25
1.6434,6,2,7,26
1.1745,6,2,42,27
2.9097,6,1,58,28
1.6765,6,1,57,29
1.0126,6,2,44,30
