12.823,2,1,50,1
1.9955,2,1,68,2
2.2046,1,2,50,1
1.4915,6,1,50,1
1.1807,5,1,50,1
2.091,1,2,85,2
1.7212,6,1,70,2
1.8007,5,1,88,2
2.8513,6,2,37,3
5.438,5,2,20,3
2.3764,4,1,50,1
1.176,4,2,8,2
4.4612,6,1,40,4
6.0562,6,1,38,5
2.7908,2,2,34,3
2.4563,5,1,52,4
1.6414,4,1,73,3
4.8397,3,2,50,1
1.8815,2,1,59,4
9.1009,2,2,7,5
1.1213,4,2,2,4
1.3663,4,2,22,5
2.4505,3,2,5,2
2.226,5,2,11,5
1.2257,2,2,17,6
0.87634,3,2,17,3
1.8514,1,1,93,3
8.5767,2,2,41,7
2.4921,1,2,55,4
3.4474,5,1,47,6
9.8875,6,1,23,6
4.4816,5,2,13,7
1.441,3,2,34,4
1.8304,6,2,37,7
1.7906,3,2,43,5
1.7861,1,1,97,5
1.2858,5,2,32,8
1.7611,1,1,90,6
1.2457,3,1,70,6
1.8706,6,1,46,8
2.3559,6,1,35,9
1.4963,3,1,94,7
1.9505,2,1,50,8
2.691,1,1,62,7
4.9661,2,2,37,9
4.8958,4,1,40,6
2.5915,2,1,40,10
2.9663,4,1,28,7
0.94609,2,1,37,11
1.5658,5,1,30,9
5.8262,1,2,47,8
1.512,5,2,3,10
1.1006,3,1,82,8
0.99626,6,2,11,10
1.0859,1,1,66,9
0.97623,4,2,14,8
1.3711,1,1,53,10
12.394,6,1,20,11
2.456,5,2,12,11
3.0464,5,2,24,12
2.0159,4,1,34,9
2.1407,5,2,25,13
0.76079,4,2,25,10
1.0856,1,2,5,11
1.3955,4,2,29,11
1.1355,2,2,5,12
2.8798,5,1,42,14
2.561,1,2,49,12
2.1563,5,1,39,15
8.1811,2,2,24,13
2.0159,2,2,36,14
1.4556,4,1,81,12
1.7013,5,2,38,16
1.1714,6,2,19,12
1.5606,3,1,61,9
0.95607,4,1,67,13
3.126,2,2,39,15
1.6924,2,1,42,16
1.5106,2,1,39,17
1.7912,3,1,53,10
2.8864,4,1,58,14
2.7257,5,1,46,17
4.4112,6,1,33,13
4.9216,5,2,35,18
6.4711,6,1,25,14
1.9558,5,1,40,19
1.3062,3,1,46,11
6.7112,4,2,28,15
2.1863,4,1,41,16
1.2214,5,1,37,20
1.2507,1,1,50,13
2.6261,5,1,26,21
1.7909,4,1,29,17
0.93592,1,2,22,14
1.5714,3,2,14,12
1.2062,5,2,20,22
7.2722,1,2,26,15
0.90052,3,2,26,13
6.1166,6,2,20,15
1.0063,3,1,30,14
1.401,3,2,3,15
2.1759,3,1,45,16
1.3062,5,1,32,23
5.1911,5,2,24,24
2.0114,3,2,10,17
1.9963,5,1,29,25
1.8865,1,2,51,16
5.0609,6,2,21,16
2.5355,5,2,26,26
2.7106,5,1,28,27
2.1061,3,2,25,18
1.4313,6,1,95,17
3.5357,1,2,65,17
2.0508,3,2,29,19
1.6512,3,2,38,20
10.258,1,1,91,18
1.7664,6,1,61,18
1.1713,3,2,43,21
0.82058,1,2,88,19
1.6865,3,1,54,22
2.5807,3,1,44,23
1.0555,6,2,27,19
1.3664,3,1,43,24
2.1263,3,2,39,25
1.4212,3,1,40,26
1.1712,3,1,8,27
2.6311,6,2,56,20
1.246,3,2,34,28
2.0658,1,1,92,20
0.59057,3,1,16,29
0.74592,6,1,46,21
1.5658,3,2,21,30
1.3456,6,1,45,22
0.97102,1,1,85,21
0.5809,1,1,71,22
0.99148,1,1,80,23
1.8669,6,2,1,23
2.2408,6,2,17,24
1.1958,6,1,44,25
0.98544,1,2,9,24
2.1658,6,1,35,26
0.75093,1,1,60,25
4.3716,1,2,65,26
6.228,6,2,15,27
2.6707,1,1,75,27
2.1164,1,1,67,28
2.3212,6,2,18,28
2.981,1,1,60,29
10.511,6,1,34,29
0.95635,6,2,28,30
1.7661,1,2,33,30
