8.8163,6,2,50,1
4.0518,4,2,50,1
3.5325,4,1,10,2
2.2692,2,2,50,1
2.1387,3,2,50,1
2.7518,3,2,80,2
2.7379,6,2,13,2
2.4534,5,2,50,1
1.9195,5,1,93,2
2.0152,4,1,96,3
1.747,1,2,50,1
1.8155,1,2,28,2
1.9373,3,1,96,3
1.0481,3,1,98,4
2.5889,5,1,74,3
2.7886,3,1,68,5
1.8084,5,2,17,4
1.2468,4,2,16,4
2.1427,3,1,62,6
2.3217,4,2,25,5
1.494,2,1,97,2
1.7074,5,2,38,5
1.6747,2,2,51,3
1.0689,5,1,91,6
1.1135,2,2,57,4
2.2212,2,1,97,5
1.0017,3,2,65,7
1.2477,4,2,35,6
6.1972,2,2,63,6
1.2776,3,2,75,8
1.6451,1,2,87,3
1.6489,6,1,70,3
1.2323,3,1,85,9
1.2247,2,1,87,7
3.0428,4,2,66,7
1.4457,2,1,89,8
2.7263,5,2,51,7
2.1551,2,1,78,9
1.92,5,1,68,8
2.4421,1,2,77,4
1.9036,6,2,24,4
1.2308,5,1,63,9
1.4936,2,1,84,10
1.2283,6,1,83,5
1.6763,2,1,79,11
1.9342,4,2,46,8
3.5174,5,1,52,10
1.9174,4,2,76,9
1.5681,2,2,60,12
1.3426,2,2,62,13
2.1822,6,2,35,6
1.6337,3,2,65,10
1.0766,3,1,72,11
1.4724,3,2,8,12
1.3926,1,2,87,5
1.8813,6,1,80,7
2.2238,2,1,69,14
1.2691,1,1,89,6
2.0264,4,1,80,10
1.5513,3,2,24,13
2.7353,5,2,58,11
1.5002,2,2,68,15
1.1533,5,2,60,12
1.1083,5,2,61,13
1.8752,3,1,52,14
1.3772,4,1,76,11
2.5767,4,2,74,12
1.3953,5,2,79,14
1.1579,6,2,61,8
1.3477,2,2,69,16
2.0754,2,2,71,17
1.0475,2,1,95,18
1.3177,3,2,22,15
1.6031,3,2,38,16
1.2676,6,2,76,9
3.5293,2,2,73,19
1.673,2,1,83,20
1.1288,2,1,78,21
1.1326,3,2,44,17
1.1526,1,1,88,7
2.2634,5,1,82,15
1.127,5,2,62,16
1.1827,2,1,72,22
1.4343,2,2,33,23
1.6192,3,2,56,18
1.2187,5,1,72,17
1.0681,2,2,53,24
1.4265,2,2,60,25
1.5556,3,1,70,19
1.7882,6,1,78,10
1.78,2,2,69,26
1.9106,3,2,66,20
0.95946,5,2,63,18
1.117,2,1,72,27
1.0171,3,1,96,21
4.4757,5,2,76,19
0.9132,5,1,86,20
1.8878,2,1,70,28
1.5648,6,1,76,11
1.1283,3,2,63,22
0.99132,2,2,47,29
1.3244,5,1,83,21
1.4401,3,2,77,23
1.3093,2,2,51,30
1.8987,6,1,71,12
1.0478,3,1,84,24
1.4732,3,1,70,25
0.98283,5,1,81,22
1.0243,6,2,13,13
1.753,3,1,73,26
0.8263,6,2,39,14
1.3854,5,2,74,23
1.1821,3,2,51,27
1.4084,5,2,79,24
4.4954,3,1,61,28
1.3783,3,2,34,29
0.97437,5,1,91,25
1.3539,6,2,45,15
1.4338,3,2,55,30
1.4672,5,1,87,26
3.8376,5,1,84,27
2.3905,5,1,79,28
1.9797,6,1,72,16
0.9217,5,1,78,29
1.0088,6,2,51,17
1.2285,5,2,27,30
1.1438,6,2,61,18
1.1582,6,1,64,19
0.86995,6,2,15,20
2.3268,6,1,51,21
1.1143,6,2,14,22
2.8989,6,2,63,23
1.3837,6,2,67,24
0.87372,6,1,82,25
2.1699,6,1,76,26
1.1871,6,1,63,27
0.81756,6,2,35,28
2.8514,6,2,53,29
3.6184,6,2,64,30
