5.3718,3,2,50,1
1.7854,3,2,53,2
1.2814,6,2,50,1
1.6658,2,2,50,1
1.1981,3,1,91,3
1.6619,2,2,61,2
4.134,4,1,50,1
0.99748,4,2,46,2
1.2609,6,2,53,2
1.1805,2,2,64,3
1.1357,1,2,50,1
1.4346,4,1,94,3
2.1711,5,1,50,1
2.2469,4,1,79,4
1.2246,1,2,25,2
2.9822,3,1,55,4
1.0625,5,1,68,2
0.94481,2,1,87,4
3.5752,2,1,89,5
1.4024,2,1,71,6
1.9212,6,1,62,3
1.7336,2,1,80,7
1.2945,4,2,31,5
1.351,3,1,82,5
1.7817,4,1,64,6
1.3577,2,1,66,8
1.0375,2,1,68,9
1.408,3,1,71,6
1.7643,3,1,64,7
1.2899,5,2,32,3
1.4523,4,2,52,7
2.1871,5,2,57,4
1.9757,2,2,65,10
3.696,3,1,59,8
1.0452,4,1,77,8
1.6083,4,1,63,9
1.3315,2,1,68,11
1.1528,3,2,56,9
1.4714,4,2,50,10
2.1264,6,1,63,4
1.8403,4,2,60,11
1.0236,4,2,57,12
1.7486,3,1,70,10
1.2266,4,1,94,13
2.2638,4,1,70,14
2.356,5,1,50,5
1.7188,4,2,60,15
5.8987,3,1,64,11
0.93308,3,1,61,12
1.079,3,2,53,13
0.83715,5,2,14,6
1.2369,3,2,55,14
0.95107,5,2,32,7
2.2771,2,2,64,12
1.3017,3,2,60,15
1.5165,5,2,51,8
1.0248,5,1,88,9
1.8266,4,2,64,16
1.7547,3,2,86,16
1.8798,5,1,70,10
1.6017,1,2,60,3
1.9866,4,2,66,17
1.3443,3,1,90,17
2.3351,5,1,56,11
4.4939,4,1,82,18
1.0699,5,2,53,12
1.3186,5,1,99,13
1.5899,4,1,74,19
2.119,2,1,67,13
1.5738,4,1,69,20
1.0199,4,1,68,21
1.9726,1,2,56,4
1.5186,5,1,80,14
1.4696,5,1,77,15
1.8447,4,1,65,22
1.0241,5,1,66,16
4.5131,2,1,65,14
1.339,4,2,1,23
1.9633,3,1,64,18
1.001,1,1,84,5
1.4039,4,2,3,24
1.5377,3,2,4,19
2.5174,5,1,58,17
0.84349,4,2,34,25
1.3407,6,1,52,5
1.1455,4,1,54,26
0.82799,6,2,5,6
1.3818,1,2,68,6
1.9437,6,2,47,7
1.1183,4,2,37,27
0.97692,1,1,94,7
2.2396,3,2,14,20
1.3108,1,1,92,8
3.2935,5,2,57,18
1.4454,1,1,87,9
2.8894,3,2,48,21
1.5119,6,1,60,8
1.7515,6,1,54,9
1.0376,3,1,82,22
2.1716,3,1,74,23
1.881,3,2,49,24
1.9237,6,2,49,10
1.4665,6,2,52,11
1.1041,5,1,69,19
1.3184,4,2,42,28
3.597,5,1,65,20
1.7411,1,2,65,10
2.0351,5,1,54,21
3.1664,3,2,53,25
1.2374,3,2,63,26
1.3873,1,2,75,11
2.1126,4,2,49,29
1.7255,5,2,11,22
1.0764,5,2,53,23
10.436,5,2,54,24
3.2761,4,2,50,30
0.98545,5,2,56,25
1.5594,3,1,66,27
1.0113,3,1,63,28
1.2201,3,2,39,29
1.0469,5,1,90,26
1.0362,1,2,78,12
2.086,5,1,56,27
2.5342,3,1,61,30
1.095,1,1,85,13
1.4149,1,1,79,14
1.8213,1,1,82,15
1.198,1,1,78,16
1.0041,1,1,77,17
1.3005,1,2,25,18
1.1618,1,2,47,19
1.544,1,2,51,20
2.1721,1,1,76,21
2.7776,1,2,53,22
1.3456,1,2,60,23
1.8558,1,1,74,24
0.9837,1,2,61,25
1.298,1,1,75,26
1.3909,1,1,72,27
0.88311,1,2,64,28
1.1115,1,2,68,29
1.1209,1,1,72,30
